Number of particles = 41
A = 1.0 Angstrom (basic length-scale)
H0(1,1) = 10.0 A
H0(1,2) = 0 A
H0(1,3) = 0 A
H0(2,1) = 0 A
H0(2,2) = 10.0 A
H0(2,3) = 0 A
H0(3,1) = 0 A
H0(3,2) = 0 A
H0(3,3) = 2.0 A
entry_count = 7
auxiliary[0] = ID [reduced unit]
10.000000
At
0.5 0.5 0.5 0 0 0 -1
1.000000
Br
0.10218512482865197 0.18879111277543817 0.5 -0.004971767252292136 -0.00050757614667576 0.0 16
0.6783235429552936 0.16873241097676128 0.5 0.002286667174251289 -0.016064996140401862 0.0 6
0.8291304407078144 0.05376931582623318 0.5 -0.007652445306426848 -0.004162896763876846 0.0 0
0.15795078880794952 0.22281781282469332 0.5 -0.01862878805407171 0.005248576308551121 0.0 4
0.17821952282250786 0.3815746259774049 0.5 0.0013161145958539167 0.003566510192579134 0.0 8
0.3099196996459521 0.2053299985298193 0.5 -0.013718205550283863 0.0011075725942490317 0.0 10
0.225951620230099 0.20624190417879612 0.5 -0.020504470348825927 -0.001745204555923791 0.0 17
0.3189735286734774 0.28618337054206405 0.5 -0.005229985836963819 -0.0001692496175696497 0.0 20
0.21122103037143442 0.2812019658417794 0.5 2.1332732286669564e-05 0.00450942920032053 0.0 30
0.4255463508439329 0.2536491498244961 0.5 -0.009262821738653493 -0.00015597277863604994 0.0 7
0.6535699630547589 0.26819527860104664 0.5 -0.01487607220000878 0.0019005255863646852 0.0 11
0.6985724860630123 0.3612517271498945 0.5 0.0009584379084590984 0.0015599181660152124 0.0 23
0.7577546912389997 0.3470810011021155 0.5 -0.01024555473181634 0.024812718322456545 0.0 26
0.8187734183012706 0.3566812161925639 0.5 0.0014777546391087054 0.00887191874908966 0.0 3
0.09312915930012236 0.42949327367320783 0.5 0.006280845231684924 -0.016716831826348852 0.0 1
0.3646798787602498 0.5269946663990466 0.5 -0.005546749269498511 -0.004405114239746037 0.0 5
0.21598615855068398 0.4483320872080244 0.5 0.003207126781668008 -0.014151433813430299 0.0 9
0.3391673158089567 0.46311790053815693 0.5 -0.005160170028031595 0.0021596585302923886 0.0 13
0.21710298963255248 0.5794738711217448 0.5 -0.00665864461103525 0.010344335254976965 0.0 28
0.264065292285275 0.4941137827018651 0.5 0.01119214109198168 -0.005299449247263709 0.0 33
0.9042012571320038 0.46669742241482803 0.5 -0.009673422391101133 0.0037532615455571267 0.0 14
0.11808991233567342 0.6520435227275886 0.5 0.016960335059985687 0.0019606418932677167 0.0 34
0.15072238932539042 0.747167396565981 0.5 -0.014413556586617698 0.0017650855859615865 0.0 39
0.21444324688294003 0.7682380292751112 0.5 0.003534152428985156 -0.003953258530010053 0.0 2
0.3656505259126464 0.7215993078742228 0.5 0.008787857658539398 -0.0048535872178409505 0.0 22
0.28266014622237395 0.6742669937364243 0.5 -0.0012071557588104922 -0.004307348897057124 0.0 31
0.4568286822868117 0.7272857072966846 0.5 -0.0038747697969625434 -0.008240682406884475 0.0 21
0.4703868182407681 0.6641613065742701 0.5 0.003921705687451406 0.0036923181471031014 0.0 38
0.6779797057786792 0.7070694671201141 0.5 -0.002302366298755776 -0.0017654000490524022 0.0 24
0.807169301515757 0.7280565207404119 0.5 0.0009116173108903985 0.014072258482509335 0.0 19
0.17250455747179932 0.893934691144253 0.5 0.012330602759010705 -0.0027530618818900772 0.0 18
0.07801758447703466 0.9415511665369702 0.5 -0.016945342243279666 0.014776852865183234 0.0 35
0.27556362853683625 0.8257458833549501 0.5 0.0014499109868797383 -0.00634679499173692 0.0 15
0.44061633440004877 0.8602953872868262 0.5 0.011587701499817473 -0.017528352529148073 0.0 12
0.5653783656956836 0.8123440433879493 0.5 -0.005031071525263451 -0.008649154895332379 0.0 27
0.5879007624131616 0.8620401154192834 0.5 -0.0030647169154680693 0.020786625287167525 0.0 36
0.6901559448294314 0.9422747275435224 0.5 -0.01269797871068216 0.012240104746579425 0.0 25
0.6319048264064311 0.8165123168920132 0.5 0.008374658573380003 -0.012621582142214595 0.0 32
0.824783032372942 0.9110851677370728 0.5 -0.025346922623271654 0.000527117668074769 0.0 29
0.9311933536952234 0.9162652801062514 0.5 0.023468359263344653 0.006698954382946495 0.0 37
