Number of particles = 41
A = 1.0 Angstrom (basic length-scale)
H0(1,1) = 10.0 A
H0(1,2) = 0 A
H0(1,3) = 0 A
H0(2,1) = 0 A
H0(2,2) = 10.0 A
H0(2,3) = 0 A
H0(3,1) = 0 A
H0(3,2) = 0 A
H0(3,3) = 2.0 A
entry_count = 7
auxiliary[0] = ID [reduced unit]
10.000000
At
0.5034999999999998 0.5034999999999998 0.5 0 0 0 -1
1.000000
Br
0.11220368078494387 0.19658971045011392 0.5 0.13907455234150234 0.11097253520622542 0.0 16
0.6702853311695685 0.17812628691764174 0.5 -0.11163680591142769 0.1373723236488954 0.0 6
0.81992838955664 0.06287100316306335 0.5 -0.1226908882067638 0.12987104484111806 0.0 0
0.16705407905435155 0.23135221548646817 0.5 0.1354688781281786 0.11423529840897062 0.0 4
0.19011488862460063 0.386688907955348 0.5 0.16444680108650417 0.07010841525469029 0.0 8
0.3159099572256744 0.21646565244703703 0.5 0.0870392602434489 0.15503962086971024 0.0 10
0.23385220059574605 0.2157051348648254 0.5 0.11769343250969752 0.13199809755489517 0.0 17
0.3269047545233998 0.29614397830540345 0.5 0.11135628326016891 0.1390074142329442 0.0 20
0.2212889075057165 0.2893625021142848 0.5 0.1386099052592897 0.11298179177874366 0.0 30
0.4277179768916409 0.2662562590166082 0.5 0.03386716512325712 0.17506427822777323 0.0 7
0.6439675847372275 0.2773715538565479 0.5 -0.12657502578840527 0.12764652534431092 0.0 11
0.68727469788251 0.3673846649523912 0.5 -0.15703490761064676 0.08488218804223818 0.0 23
0.7459617517193606 0.3538619575996528 0.5 -0.15954762666686992 0.08488829664578214 0.0 26
0.8069857451782015 0.3620111547488269 0.5 -0.16363958347717045 0.0718955225681728 0.0 3
0.1059119891874476 0.4316587315935805 0.5 0.1751245644296276 0.03611404790810703 0.0 1
0.3773405435427327 0.5267531560609966 0.5 0.17792471918017122 -0.001774765948207605 0.0 5
0.22862691681626268 0.4507319393639288 0.5 0.17445360500338336 0.03790267637435178 0.0 9
0.3514132544672531 0.4664867745128786 0.5 0.17177113968242824 0.04684912704717416 0.0 13
0.2297241427268256 0.5797951554695224 0.5 0.1778085941255812 0.000373451949200137 0.0 28
0.277323901508192 0.49392456569317833 0.5 0.179726910519057 -0.0005690240300952359 0.0 33
0.8915083175369711 0.4632414154678698 0.5 -0.17262013944353316 -0.048891181896938515 0.0 14
0.13155387477656522 0.6519986987316992 0.5 0.18033284262213317 -0.0017975434611380893 0.0 34
0.1628803452240029 0.7451216807949078 0.5 0.17350114834789493 -0.03352098762800078 0.0 39
0.22545919374699436 0.7612918159954438 0.5 0.15545641118937395 -0.0879672338298316 0.0 2
0.372993556636708 0.7106687724929466 0.5 0.09957213534767134 -0.1492116990057059 0.0 22
0.2944848596461066 0.669173686526449 0.5 0.16382537519259652 -0.07084011688413719 0.0 31
0.458148635935778 0.7142162154665932 0.5 0.02010778416387085 -0.17821531430695958 0.0 21
0.47060935900141326 0.6514351218070398 0.5 0.0020713269238316462 -0.17810796877813473 0.0 38
0.5614353334160952 0.7997409591970464 0.5 -0.05333383038342651 -0.17144476750328044 0.0 27
0.6683696637597827 0.6983710262500185 0.5 -0.1327480601491205 -0.11982840981655365 0.0 24
0.7964514060354125 0.7215109848960868 0.5 -0.15090726977507513 -0.09339882209488455 0.0 19
0.18369242532237287 0.8867980983736865 0.5 0.147340005528028 -0.10262570401775392 0.0 18
0.08912715621934068 0.9368847166301328 0.5 0.15855791349926346 -0.07542726377700157 0.0 35
0.2836652001734909 0.8154961591954402 0.5 0.11025698707204853 -0.14111395158596313 0.0 15
0.4423081451435027 0.8468763726382746 0.5 0.01971108662514586 -0.17942131309853693 0.0 12
0.5838683888539401 0.8505396703756662 0.5 -0.05477303491687185 -0.16775085525654532 0.0 36
0.6852844367695399 0.9306399161775776 0.5 -0.06329615011387789 -0.1660713871515505 0.0 25
0.6267819277134309 0.8044037874047785 0.5 -0.07414968587300254 -0.16330343148822218 0.0 32
0.8181075341470528 0.899629597654668 0.5 -0.08634802131068611 -0.15729742891396442 0.0 29
0.9254359988735079 0.9055001836785983 0.5 -0.09281039426678984 -0.1498530414494345 0.0 37
