Number of particles = 41
A = 1.0 Angstrom (basic length-scale)
H0(1,1) = 10.0 A
H0(1,2) = 0 A
H0(1,3) = 0 A
H0(2,1) = 0 A
H0(2,2) = 10.0 A
H0(2,3) = 0 A
H0(3,1) = 0 A
H0(3,2) = 0 A
H0(3,3) = 2.0 A
entry_count = 7
auxiliary[0] = ID [reduced unit]
10.000000
At
0.5363999999999983 0.5363999999999983 0.5 0 0 0 -1
1.000000
Br
0.6893124704371435 0.196691880081191 0.5 -0.13420820713155063 0.1481825552775899 0.0 0
0.36184176500939397 0.35424886939492084 0.5 0.2356312364023806 0.15180513129354045 0.0 17
0.3077824533584573 0.3517996494593918 0.5 0.05164008114325516 0.1252201849931795 0.0 4
0.2580058041811816 0.3137441855988847 0.5 0.1548656861664871 0.12647035537859608 0.0 16
0.5613669189515031 0.3299493464056234 0.5 -0.10116727515088869 0.17250656342574772 0.0 6
0.41089363489751707 0.37757912690781004 0.5 0.10668471903875543 0.16914683398112168 0.0 10
0.3846833722576191 0.5408650061464195 0.5 0.12446984959150739 -0.09936040317048508 0.0 28
0.36040382356363143 0.45568574381639626 0.5 0.11666058588408015 0.1320536507370173 0.0 8
0.28976446328874617 0.4655925644668331 0.5 0.1974690312769683 0.031181421230489628 0.0 1
0.36790646218292994 0.4036664964362163 0.5 0.17118225585770008 0.019810595850068165 0.0 30
0.508834852147614 0.4969471994753988 0.5 -0.01733219505876593 0.0441559586609338 0.0 5
0.4635033317129018 0.4732460929572036 0.5 -0.049525872467692106 0.15656422844050566 0.0 13
0.4834496422587562 0.538689336010317 0.5 0.17512840805216834 0.2740544247744305 0.0 38
0.5423286193005741 0.4641858740366495 0.5 0.09434105488007655 0.003959678106151915 0.0 23
0.43721527501926155 0.5160436709251159 0.5 -0.0009069910911430022 0.09643982555969768 0.0 33
0.42767253361525326 0.4335091578478273 0.5 0.027323628151915393 0.03489847981684749 0.0 20
0.48204292918423813 0.42613355042055845 0.5 0.022550457440803424 0.06434234690716006 0.0 7
0.5098200098030641 0.5786961111418832 0.5 -0.0348565341116069 0.08867434419283643 0.0 21
0.41480074324489974 0.5818765633577199 0.5 -0.013229335806138762 -0.083930569606267 0.0 31
0.5599646495946466 0.5812794375801595 0.5 -0.022047805404920403 -0.10499300958972066 0.0 24
0.4627135177325806 0.5970491854831156 0.5 0.13971108341119776 -0.006535127996083051 0.0 22
0.5301599052399952 0.4077391918815868 0.5 -0.061795408455663836 0.01894262961149769 0.0 11
0.5872940155841346 0.43613405627856017 0.5 -0.01531118916861789 0.016680576903949307 0.0 26
0.40290181626477173 0.4788318579507971 0.5 0.024334868417561967 -0.1493830822987245 0.0 9
0.7062415146425642 0.4602831059716084 0.5 -0.19663606409264894 0.03638201959829124 0.0 14
0.6359817456561436 0.43803398468754484 0.5 -0.18178272944748108 0.08336845882122923 0.0 3
0.3683485279836801 0.6351841007957415 0.5 0.15105070221251105 -0.1303876304516713 0.0 2
0.3269467120477915 0.6771430234057817 0.5 0.160650959266752 -0.11531558603910154 0.0 39
0.31582927670443944 0.6279337773130104 0.5 0.19255319165159224 -0.053667575016900435 0.0 34
0.3164708570075901 0.7566272441149318 0.5 0.12000098437557008 -0.15983377297919643 0.0 18
0.5030207501329353 0.6265123148587574 0.5 -0.05406987776857019 0.08781635016414013 0.0 27
0.4633382621105583 0.6608850525236618 0.5 0.0264338120142244 -0.1981707920227993 0.0 12
0.5235058003430773 0.6795072774522278 0.5 -0.09512843922660424 -0.12771056740988013 0.0 36
0.5556261609648753 0.6352414343065412 0.5 -0.0377002018255818 -0.23578080745157215 0.0 32
0.4040338207509756 0.6755438310453904 0.5 0.11083902634624727 -0.16359334695387068 0.0 15
0.6351615985756314 0.6268397103821498 0.5 -0.17245784713075657 -0.10125133541471742 0.0 19
0.7099414307002943 0.7477272378135911 0.5 -0.1346248966208911 -0.14780592870994574 0.0 29
0.6090995571163023 0.7599025833165034 0.5 -0.09031448724982968 -0.17840767602965407 0.0 25
0.8049000603544461 0.7637362171219629 0.5 -0.1503666072627089 -0.13166291989195256 0.0 37
0.24518729010790277 0.8356842718759191 0.5 0.14675091399867835 -0.13568271090017894 0.0 35
