Number of particles = 41
A = 1.0 Angstrom (basic length-scale)
H0(1,1) = 10.0 A
H0(1,2) = 0 A
H0(1,3) = 0 A
H0(2,1) = 0 A
H0(2,2) = 10.0 A
H0(2,3) = 0 A
H0(3,1) = 0 A
H0(3,2) = 0 A
H0(3,3) = 2.0 A
entry_count = 7
auxiliary[0] = ID [reduced unit]
10.000000
At
0.5349999999999984 0.5349999999999984 0.5 0 0 0 -1
1.000000
Br
0.6947164059918316 0.19079814747501306 0.5 -0.1375811744508632 0.14503395329870772 0.0 0
0.3541497542438997 0.34827699420912206 0.5 0.13550882299721068 0.14704796676310833 0.0 17
0.30393685827271494 0.34673621083877676 0.5 0.1528449737408321 0.12893425536243974 0.0 4
0.2517826690412074 0.3087207838174328 0.5 0.15515796713929247 0.12608731617561253 0.0 16
0.5654148329711742 0.32305010970933323 0.5 -0.10212738506639901 0.17192431290335208 0.0 6
0.40664068813092624 0.37080442346368836 0.5 0.10680709711923728 0.16905169456402924 0.0 10
0.3972791406744252 0.480578467632391 0.5 0.08139009585366755 -0.07741678126529498 0.0 9
0.3799894895185778 0.5451114702222589 0.5 0.14648098847534938 -0.06524101437498384 0.0 28
0.3565334792901692 0.4529066948056423 0.5 0.18781945717582849 0.06859291049312927 0.0 8
0.28185737401720634 0.46440352941203333 0.5 0.19774724883092176 0.028914274294352824 0.0 1
0.3612837238124061 0.40108339521587544 0.5 0.15757082514961246 0.12314944224247498 0.0 30
0.5065341855064779 0.49210986848445354 0.5 -0.05500795874757622 0.08062383508637833 0.0 5
0.4615649877008178 0.46960691679232125 0.5 0.027697080081526382 0.14374836373276176 0.0 13
0.4808706535600811 0.5367324650868837 0.5 -0.017131819772135518 0.0962546576618305 0.0 38
0.5438295639791907 0.45687750620676193 0.5 0.13883923624188904 0.01736633322940688 0.0 23
0.4364583863967109 0.5122216546286122 0.5 0.17104507929923832 0.057632175515086176 0.0 33
0.42864853474558 0.4339383921063706 0.5 -0.01421957786214724 0.023665899248033445 0.0 20
0.4833550833068503 0.4200290800016832 0.5 0.06856365618190752 0.14005802764742448 0.0 7
0.5073385333217855 0.5759749560743117 0.5 -0.05051758176044066 -0.2004920601429267 0.0 21
0.4129113690851291 0.5842194317374405 0.5 -0.06815027163779364 -0.12160032811477227 0.0 31
0.5585062346082894 0.5850951549228328 0.5 0.1643530838185227 -0.06835199306614445 0.0 24
0.463629090232972 0.596749202297895 0.5 -0.011175781182463707 0.02208122112382123 0.0 22
0.5321407368510401 0.4098040529352489 0.5 -0.13177121071551 0.004267411109420943 0.0 11
0.5867339115156345 0.4361070359565577 0.5 -0.17716062588051618 0.09279862644853273 0.0 26
0.7141145532728268 0.45886999459795763 0.5 -0.19716882780663086 0.033390067220427616 0.0 14
0.6432611281287842 0.43471713071246676 0.5 -0.1826511543549642 0.08146189038392446 0.0 3
0.36241991029586534 0.6405248159069009 0.5 0.14140636302341242 -0.1411102482781087 0.0 2
0.3994288266344122 0.6819307500851107 0.5 0.1211020759075009 -0.15310239646467827 0.0 15
0.3204278093686387 0.6815715678927324 0.5 0.16377694025657552 -0.10623587851071946 0.0 39
0.3081376149031702 0.6301140777141243 0.5 0.19150598489041443 -0.0571765708991359 0.0 34
0.3116247847105581 0.7629850714897589 0.5 0.12039557558623551 -0.1594847507668516 0.0 18
0.5050633221956197 0.6252357820089472 0.5 -0.0672560680187021 -0.042302740190251154 0.0 27
0.46237054974540637 0.6688238299014968 0.5 0.02132972826163136 -0.19881732486211418 0.0 12
0.5272614416611372 0.6847300164660737 0.5 -0.049994018008375773 -0.1935546510157427 0.0 36
0.5570550939738568 0.6444396247158488 0.5 -0.07295652534993392 -0.16013051084380447 0.0 32
0.6420644605541608 0.6308818369721232 0.5 -0.17306825894159317 -0.10021306556608234 0.0 19
0.7153410548931707 0.7536264941125194 0.5 -0.13370866505230666 -0.14863716490324602 0.0 29
0.6126718233823479 0.7670590724866783 0.5 -0.08892241593561462 -0.1790877569943446 0.0 25
0.8108686675917032 0.7690526604335204 0.5 -0.14968234122987423 -0.1324221605635808 0.0 37
0.23924328382796906 0.8410305595948909 0.5 0.15120659553696902 -0.1307642099095183 0.0 35
