Number of particles = 41
A = 1.0 Angstrom (basic length-scale)
H0(1,1) = 10.0 A
H0(1,2) = 0 A
H0(1,3) = 0 A
H0(2,1) = 0 A
H0(2,2) = 10.0 A
H0(2,3) = 0 A
H0(3,1) = 0 A
H0(3,2) = 0 A
H0(3,3) = 2.0 A
entry_count = 7
auxiliary[0] = ID [reduced unit]
10.000000
At
0.5398999999999982 0.5398999999999982 0.5 0 0 0 -1
1.000000
Br
0.37802733512367515 0.3636570004472775 0.5 0.13924761313657086 0.1348309694520528 0.0 17
0.3195290599486734 0.3644708591719358 0.5 0.14316499202376154 0.12714323896016605 0.0 4
0.27343176785976026 0.3264655357963807 0.5 0.1545173020190978 0.12690829443381146 0.0 16
0.5515620116354127 0.3473761595491024 0.5 -0.09586085556669288 0.17550389877061895 0.0 6
0.424193850064288 0.3844473343015923 0.5 0.0783276631426239 0.00940387955069684 0.0 10
0.6758225138747789 0.2114487194954565 0.5 -0.13566747624179787 0.1468829619325947 0.0 0
0.38798145308549903 0.529852242912872 0.5 0.03215652706023965 -0.0520720988561893 0.0 28
0.3632360710321557 0.46360571174842014 0.5 0.007091793664089047 0.02406225477592211 0.0 8
0.30944454210858857 0.46911458528944144 0.5 0.19623430130520042 0.038388971193789534 0.0 1
0.3812636616638413 0.41557272997831685 0.5 0.14919887742801527 0.11291422120072182 0.0 30
0.5103631213471795 0.5012628006303836 0.5 0.06734494494981198 0.0934104143220427 0.0 5
0.4613183667823436 0.4810474358327421 0.5 0.05172219424741245 0.10306329416481554 0.0 13
0.49028466368974366 0.5442918009598063 0.5 0.1625030074511065 -0.19820869026746918 0.0 38
0.5426084853432582 0.46420327727567534 0.5 0.002456395354947835 -0.015474899461042926 0.0 23
0.4426874010563947 0.5291310072317568 0.5 0.11713072814875675 0.09541470878762387 0.0 33
0.4348541300699944 0.43910400157884955 0.5 0.05146379072007903 -0.014780714368729186 0.0 20
0.48619332300118556 0.4361538177255458 0.5 0.032336406636852874 0.17040863833950934 0.0 7
0.5241454138674965 0.585960569708152 0.5 0.23870444879813923 -0.05297767080667937 0.0 21
0.4194896289605087 0.5780043744845865 0.5 -0.00820446582113582 -0.08397825303708814 0.0 31
0.5736166987952832 0.5766620857850858 0.5 0.019755970673667966 -0.046763085325276094 0.0 24
0.4678044999305335 0.5912241640689658 0.5 0.0821836128158191 0.11786452627378399 0.0 22
0.5347401508941727 0.4152765578396157 0.5 0.07873501984841787 0.09804503900769745 0.0 11
0.5808438439308612 0.4309415393520875 0.5 -0.04965952301096441 -0.026900999072532166 0.0 26
0.41005981086726156 0.48279627972034256 0.5 0.11835610916988931 0.18021681929024871 0.0 9
0.686624537569143 0.46416593416510254 0.5 -0.19563132107116693 0.04148184695769701 0.0 14
0.6297219534066499 0.4473147622952748 0.5 -0.12630252987821455 0.0889875633727179 0.0 3
0.3831495812203783 0.6201527014585447 0.5 0.24112978081703235 -0.17953024568407827 0.0 2
0.3437288283839829 0.6701895405536749 0.5 0.15834964435771598 -0.10642237788185197 0.0 39
0.332364761827827 0.6166373649311965 0.5 0.046357196117643745 -0.09109358059616934 0.0 34
0.3286076073963867 0.7407432229134463 0.5 0.12267285971691824 -0.15788737638112293 0.0 18
0.5045839860348729 0.6303625509171862 0.5 0.0915914849956774 0.018413788884987563 0.0 27
0.4574543664257291 0.6505430677703665 0.5 -0.08371230441994534 -0.05257533541849438 0.0 12
0.522247880310974 0.6752374868595482 0.5 0.03455748397866873 0.019266597938050342 0.0 36
0.5568229914737718 0.6264698202314641 0.5 -0.02493533668200891 -0.09739430787140563 0.0 32
0.40752288382689744 0.6638794876892146 0.5 -0.08919844847682865 -0.033416092175073374 0.0 15
0.6179228696302933 0.6167032343328157 0.5 -0.1718746051295369 -0.10221825066676926 0.0 19
0.6962231594114993 0.7331824956796925 0.5 -0.13841471705547476 -0.14427639430340977 0.0 29
0.6001493182770866 0.742021185304938 0.5 -0.0905722546036172 -0.1782837895308409 0.0 25
0.7897808438043721 0.7506591723538818 0.5 -0.15229134583172366 -0.12956100871109294 0.0 37
0.2596205163809535 0.8218645498539674 0.5 0.14121455629808127 -0.14141165391693764 0.0 35
