Number of particles = 41
A = 1.0 Angstrom (basic length-scale)
H0(1,1) = 10.0 A
H0(1,2) = 0 A
H0(1,3) = 0 A
H0(2,1) = 0 A
H0(2,2) = 10.0 A
H0(2,3) = 0 A
H0(3,1) = 0 A
H0(3,2) = 0 A
H0(3,3) = 2.0 A
entry_count = 7
auxiliary[0] = ID [reduced unit]
10.000000
At
0.5405999999999981 0.5405999999999981 0.5 0 0 0 -1
1.000000
Br
0.37956090607169235 0.3659476723702906 0.5 0.016518907437300993 0.09033493312379084 0.0 17
0.32245535668857483 0.3670132765977369 0.5 0.14752823905261708 0.12672968656441963 0.0 4
0.2765283090227665 0.32899650304731615 0.5 0.15487265307280124 0.12649860450392347 0.0 16
0.5496380847724018 0.350882684022927 0.5 -0.09635830468319737 0.17523870204989656 0.0 6
0.4270404296807088 0.3860819158364133 0.5 0.20290855466924074 0.12078286726250505 0.0 10
0.6731380578574991 0.21441251716120185 0.5 -0.13384862196287195 0.14853002659084008 0.0 0
0.389564439531183 0.5290901071588706 0.5 0.09257578326414055 -0.03412139875760854 0.0 28
0.36441316231473025 0.4642665970407026 0.5 0.07363978544730582 0.03562470753946979 0.0 8
0.31336462864370457 0.4699055451274144 0.5 0.19600919760156366 0.03954949888652744 0.0 1
0.3843067079944941 0.4178725760225718 0.5 0.1529564859797415 0.11563863052582891 0.0 30
0.5096509097736917 0.5000974019793796 0.5 -0.03777343170058205 -0.06701153481514671 0.0 5
0.4642956361296181 0.4850943345760461 0.5 0.1515406977584751 0.19102058899810712 0.0 13
0.49237881548516843 0.5464835298097739 0.5 -0.007352791487394067 0.19151293422785626 0.0 38
0.5448692843437368 0.46427424244485327 0.5 0.13767177061168914 -0.036103854901243224 0.0 23
0.44333738575015846 0.5297913550203275 0.5 0.05110408625065041 0.02881782857801468 0.0 33
0.43511740064750837 0.43768791427338927 0.5 0.02723492872820236 -0.047046286791069133 0.0 20
0.4867983163603262 0.43971898920602887 0.5 0.029779760744488307 0.18048541149855915 0.0 7
0.5263069526652311 0.5850407346925042 0.5 0.015880653575512826 -0.014817734160320936 0.0 21
0.42036903159730254 0.5762858768588013 0.5 0.05890289277092694 -0.08643057906173263 0.0 31
0.5768796257169051 0.5779241855388323 0.5 0.2537425367453125 0.08451583734477996 0.0 24
0.46971256815018025 0.5920674567815872 0.5 0.09900072856412373 0.020384279862707102 0.0 22
0.5324737115697514 0.4144827511383701 0.5 -0.11088165070403803 -0.015512038572749413 0.0 11
0.5804861533167386 0.4315848107898499 0.5 -0.10196971284585452 0.016548808493319425 0.0 26
0.41285816517120955 0.4856311995305508 0.5 0.14606746991969355 0.13080304363977316 0.0 9
0.6827161878148298 0.4650153560008487 0.5 -0.19533891553788446 0.042829121121911076 0.0 14
0.6280955357581339 0.4494900572703172 0.5 -0.025090320077299062 0.1299974076977954 0.0 3
0.3869644062499006 0.6157443907031728 0.5 0.15622404449046884 -0.2736871508061906 0.0 2
0.3468596120069357 0.6679285625569805 0.5 0.15574085471773458 -0.11526748927907765 0.0 39
0.3341067660632644 0.6150095025992455 0.5 0.09872279519729883 -0.07868353449345938 0.0 34
0.3310580169406902 0.7375836279098438 0.5 0.1216199046061873 -0.15865311449887842 0.0 18
0.5032017612819757 0.6304999264270826 0.5 -0.0927304019193946 0.04654075159103218 0.0 27
0.4565278167223218 0.6487013774467947 0.5 -0.036047172569701295 -0.10347422060350536 0.0 12
0.5235421174695739 0.6770325539741913 0.5 0.05296852089313836 0.05802998732689554 0.0 36
0.5558847959432694 0.6241087111594502 0.5 -0.0533299328631129 -0.12387268649402894 0.0 32
0.40744733126485044 0.6636457254894504 0.5 0.04078732396882767 0.036071414067147735 0.0 15
0.5983065577583615 0.738471863470725 0.5 -0.09254557029120941 -0.1772542756560309 0.0 25
0.6144860096672046 0.6146575229599436 0.5 -0.17180614329044147 -0.10235139019312026 0.0 19
0.6934313552932887 0.730319689266198 0.5 -0.1399725548980173 -0.14276837657659436 0.0 29
0.7866902118105494 0.7481248208662533 0.5 -0.15454203429983243 -0.12673229993148377 0.0 37
0.26246228273553474 0.819054505921612 0.5 0.14323683169773366 -0.13927818012930712 0.0 35
