Number of particles = 41
A = 1.0 Angstrom (basic length-scale)
H0(1,1) = 10.0 A
H0(1,2) = 0 A
H0(1,3) = 0 A
H0(2,1) = 0 A
H0(2,2) = 10.0 A
H0(2,3) = 0 A
H0(3,1) = 0 A
H0(3,2) = 0 A
H0(3,3) = 2.0 A
entry_count = 7
auxiliary[0] = ID [reduced unit]
10.000000
At
0.544799999999998 0.544799999999998 0.5 0 0 0 -1
1.000000
Br
0.3908406193531332 0.375662042642524 0.5 0.2155297169823358 -0.03912596252726068 0.0 17
0.3395366941149543 0.3822396255770209 0.5 0.024355481884991953 0.13875033272739495 0.0 4
0.29503229756374555 0.3442757819210124 0.5 0.1545162938688513 0.1269669390770748 0.0 16
0.5406173700483586 0.3618733262611176 0.5 -0.00835322753766415 -0.2733019612928058 0.0 6
0.4405821104925457 0.3933246688218198 0.5 0.06698018282417367 -0.04457170201269556 0.0 10
0.657240727792262 0.23238653029544815 0.5 -0.13186586700552416 0.15033071160901218 0.0 0
0.3963889707648209 0.5350393702890093 0.5 0.09421545613215404 -0.015041409247655832 0.0 28
0.3761662224915635 0.469219833073151 0.5 0.20237648014494147 0.04712398024377479 0.0 8
0.3207918356447187 0.47334389442467534 0.5 -0.052876762419790106 0.026387760223244884 0.0 1
0.39984036117949756 0.42614895646495177 0.5 0.1503801629012214 0.16584926436607156 0.0 30
0.5197151018413546 0.5015621576524045 0.5 0.08013195914811572 -0.09959349649513416 0.0 5
0.4711345621234019 0.48880498215259083 0.5 0.1809341420998399 0.11004292153617173 0.0 13
0.4947369901747063 0.5449124307165992 0.5 -0.0003440861170702636 -0.004449402265651575 0.0 38
0.5519638571364758 0.463756689189567 0.5 0.023797958068304842 0.03924864429712169 0.0 23
0.448292061577834 0.533065752856611 0.5 0.01569108627496346 0.1326350720477637 0.0 33
0.44558893320402027 0.44614956328128547 0.5 -0.05384761650279385 0.053200834533751754 0.0 20
0.4975753074829522 0.44872550782206233 0.5 0.064878906964215 0.18911306745929884 0.0 7
0.5255040133502221 0.5898571302503208 0.5 0.12856575518198074 -0.11579760251097881 0.0 21
0.42639942287971744 0.57701061409301 0.5 -0.10172218671085782 0.010191954840124223 0.0 31
0.5839923763180173 0.5777297550836537 0.5 0.1106653391307574 -0.017323049908520172 0.0 24
0.4749969136345166 0.5903241772974421 0.5 0.07396708451518752 -0.07563473005609399 0.0 22
0.5327057153334716 0.414053721472276 0.5 -0.04091241358368339 0.15343182116853896 0.0 11
0.5818444556394515 0.4245238423158172 0.5 0.15854443153685913 -0.08543008110149738 0.0 26
0.4188112676340531 0.48941141465087873 0.5 -0.09899201485766385 -0.05416309744644751 0.0 9
0.6640782552747566 0.47175943464280456 0.5 -0.13663486334978925 0.06306334195534921 0.0 14
0.6136533674853302 0.4650461258427637 0.5 -0.1314275327610504 0.15550094972895262 0.0 3
0.3935974138860385 0.6158188905943853 0.5 -0.005995421330306394 0.09303230333422421 0.0 2
0.3575742769273519 0.6554467892346466 0.5 0.05041071248023027 -0.055957924409499635 0.0 39
0.3434941482947385 0.6038794047203635 0.5 0.061254616328541484 -0.14110438041996326 0.0 34
0.3458854305306341 0.7187244423993724 0.5 0.12670119681845915 -0.15462408057982774 0.0 18
0.5063061350308926 0.6355144861259923 0.5 0.006497976872977054 0.062414198018743025 0.0 27
0.45320210611497524 0.6355387122393112 0.5 0.03063686847236973 -0.06440282927034505 0.0 12
0.5295116538915965 0.678706008916073 0.5 0.007914949086210304 -0.08882371801663447 0.0 36
0.5608544098228011 0.6266558059281035 0.5 0.15673868652689016 0.2318992484931783 0.0 32
0.41128747380659797 0.6627421172714916 0.5 0.01842957141349342 0.04372645872286929 0.0 15
0.5872591172211277 0.7171719327189319 0.5 -0.09268577212754456 -0.17715767290639395 0.0 25
0.6112723617197527 0.6217997595612801 0.5 -0.040106142156784506 0.04860135247796615 0.0 19
0.6765028101664787 0.7133187071973691 0.5 -0.14245699248551758 -0.14029707504947397 0.0 29
0.7680450871957426 0.733034435201028 0.5 -0.1568378070169359 -0.12388447072551212 0.0 37
0.2788974195657696 0.8016052139782678 0.5 0.1335541486613971 -0.148660085356387 0.0 35
