Number of particles = 41
A = 1.0 Angstrom (basic length-scale)
H0(1,1) = 10.0 A
H0(1,2) = 0 A
H0(1,3) = 0 A
H0(2,1) = 0 A
H0(2,2) = 10.0 A
H0(2,3) = 0 A
H0(3,1) = 0 A
H0(3,2) = 0 A
H0(3,3) = 2.0 A
entry_count = 7
auxiliary[0] = ID [reduced unit]
10.000000
At
0.541999999999998 0.541999999999998 0.5 0 0 0 -1
1.000000
Br
0.3820800121299691 0.37057162708372704 0.5 0.08416422107781019 0.12616444887666978 0.0 17
0.3284948985026576 0.37205703130436085 0.5 0.15213747285532575 0.12627943283333903 0.0 4
0.28268898601172 0.33409773169885526 0.5 0.15386989351200442 0.12770400271739862 0.0 16
0.5459213865776976 0.357963968644772 0.5 -0.09176187697528232 0.17764485564210836 0.0 6
0.43308723479653377 0.38940243271816094 0.5 0.12523305174788862 0.04632684270855554 0.0 10
0.6678075645977327 0.2203756505762085 0.5 -0.1336988640923693 0.14869205385986983 0.0 0
0.39312599578729673 0.5317618861805667 0.5 0.12299658332604678 0.044688968560614134 0.0 28
0.37064150342353913 0.46795822703677403 0.5 0.2031974544432562 0.13366980397507602 0.0 8
0.3188839493666745 0.4713595344989356 0.5 0.09298862170646006 0.032957063381323745 0.0 1
0.3915322695076434 0.4204185913348578 0.5 0.20134493136796727 0.022421861512807006 0.0 30
0.5129589719150005 0.5034945263264395 0.5 -0.0034316629651532926 0.11275177561745442 0.0 5
0.46699572877990425 0.4876027176364546 0.5 0.036070487831336095 0.05191502670811449 0.0 13
0.49394286251352887 0.5477966011921677 0.5 0.24166307166387624 0.029082160209566443 0.0 38
0.5466445503180203 0.4642990481936451 0.5 0.1384655165215821 -0.1228939253794538 0.0 23
0.4435866305412377 0.5302737229907366 0.5 -0.054960255162136526 -0.14973803682644213 0.0 33
0.4383234353419215 0.4413571218970679 0.5 0.1058872875388715 0.17339385126533763 0.0 20
0.48926101623976254 0.4429538113837078 0.5 -0.022328387295937335 0.10954237999604274 0.0 7
0.5211660603050975 0.5871133625381982 0.5 -0.0922400812084501 -0.020657881688620303 0.0 21
0.42436770492549974 0.5733473768988436 0.5 0.08868565735297135 -0.11808690845118279 0.0 31
0.5769882754760822 0.5750285570115827 0.5 -0.032357630958413514 -0.06863666664740531 0.0 24
0.4701433874073172 0.5948883369520799 0.5 0.07494036840128165 0.13232763491139896 0.0 22
0.5298311899203542 0.41612054683467026 0.5 0.04746025845579373 0.007362780052262 0.0 11
0.5809554319649444 0.428520509996883 0.5 -0.022893659323097094 -0.03899125027952638 0.0 26
0.4157103746870135 0.4859295358046561 0.5 0.011816344838411638 0.019135240885988794 0.0 9
0.6749196187887632 0.46680333939660734 0.5 -0.19468155884469224 0.04570958988523778 0.0 14
0.6245061362465083 0.45388512035306733 0.5 -0.1183465448930904 0.10082326361911867 0.0 3
0.3902665767283718 0.6107945390240789 0.5 -0.029788730575101507 0.0322291621005584 0.0 2
0.3529932917549035 0.6630370230630868 0.5 0.15271330830228397 -0.12489167743164722 0.0 39
0.33955437445588793 0.6121390423040756 0.5 0.15238567244931261 -0.0697414513857933 0.0 34
0.3359662293424509 0.7312696175870574 0.5 0.12380223682653563 -0.15700167690098066 0.0 18
0.5036780934135001 0.6323689314840615 0.5 -0.07998758924520694 0.06881043262409331 0.0 27
0.4556465775147867 0.6434143700459168 0.5 0.03567816924320914 -0.16326549483845842 0.0 12
0.5247301842329708 0.6765575014960434 0.5 0.057969193596980516 0.044454356747032894 0.0 36
0.5573954691422572 0.6242293088086119 0.5 0.011245687287127944 -0.02763155805985413 0.0 32
0.40796164179190775 0.6626644233599335 0.5 -0.019089746565867805 -0.04415390555985912 0.0 15
0.5946584646809066 0.7313539113004133 0.5 -0.09163884722618235 -0.17773245535076349 0.0 25
0.6117096845954368 0.6148136974463487 0.5 -0.03301505948117312 0.04192803129420952 0.0 19
0.687839497650837 0.7246022812331233 0.5 -0.13980312942738998 -0.14293199202532625 0.0 29
0.780518140996208 0.7430403021661229 0.5 -0.15408331811667353 -0.127416301245936 0.0 37
0.26802138864781344 0.8133157840738076 0.5 0.1374504743885443 -0.14500229430215558 0.0 35
