Number of particles = 41
A = 1.0 Angstrom (basic length-scale)
H0(1,1) = 10.0 A
H0(1,2) = 0 A
H0(1,3) = 0 A
H0(2,1) = 0 A
H0(2,2) = 10.0 A
H0(2,3) = 0 A
H0(3,1) = 0 A
H0(3,2) = 0 A
H0(3,3) = 2.0 A
entry_count = 7
auxiliary[0] = ID [reduced unit]
10.000000
At
0.543399999999998 0.543399999999998 0.5 0 0 0 -1
1.000000
Br
0.3856427380995223 0.37371242012398614 0.5 0.08667880805992456 0.03781022453055051 0.0 17
0.3346425643046892 0.3770905848590861 0.5 0.1546912650689804 0.12526138664022635 0.0 4
0.28885865689039497 0.3391887977831237 0.5 0.15417368500452627 0.12737065872569292 0.0 16
0.5422762210853197 0.3650836335873695 0.5 -0.09058115840229158 0.17828010914664233 0.0 6
0.4375034343053361 0.39343060279239295 0.5 0.10365538049082348 0.124809680057543 0.0 10
0.6625201920106962 0.22637726573115566 0.5 -0.13173846141710993 0.15044445157081715 0.0 0
0.394486157518096 0.5357891827703825 0.5 0.041981909293455674 0.09522647135370253 0.0 28
0.37242342563284986 0.4684567725440159 0.5 0.008047864543276773 -0.03533754785784504 0.0 8
0.32202001874035696 0.4723157660942282 0.5 0.05232208047900991 0.02063102131229167 0.0 1
0.3959934569055503 0.42367483578330534 0.5 -0.02377480661937638 0.08001490415068185 0.0 30
0.5169529417960248 0.5027371460371021 0.5 0.18700869692400013 0.015555288828698373 0.0 5
0.46942626029652174 0.485825614019834 0.5 0.009093211849594274 -0.08814533203404062 0.0 13
0.4933806015770409 0.5459648030531132 0.5 0.2562877912295451 -0.11132958123554375 0.0 38
0.5473673865856512 0.46549732342001954 0.5 0.018755591089954674 0.14480291921236518 0.0 23
0.445835029582956 0.5320576993355888 0.5 -0.06587753914690297 0.09560715121089879 0.0 33
0.4430191145623109 0.4445467480493444 0.5 0.2543747738942485 0.06324589466415487 0.0 20
0.49510778851729176 0.4424745492303216 0.5 0.18274193987626636 -0.05009016401889636 0.0 7
0.5234179346736612 0.5860362588196156 0.5 0.07873375635048993 -0.06758478413857988 0.0 21
0.4260679201779111 0.5744275077127206 0.5 0.09389624980120947 -0.0401030767846286 0.0 31
0.5801570102982274 0.5775278804638961 0.5 0.03614344709472139 0.011131602004974952 0.0 24
0.4728140168822172 0.591875669298153 0.5 -0.024290563404506915 -0.0005918107271091766 0.0 22
0.5326260731316275 0.4143946394716475 0.5 -0.02653085493180596 -0.17752203227650076 0.0 11
0.5800557696244713 0.4255746041755729 0.5 0.0119973019527084 -0.02664334839339036 0.0 26
0.4178070468476487 0.48748556515139496 0.5 0.047770194900176366 0.10588256501185417 0.0 9
0.6685416389860529 0.4690239873881484 0.5 -0.05492364650561604 0.08010612254536775 0.0 14
0.6192264262923216 0.45865192811586136 0.5 -0.2109139924064446 0.11883501963338662 0.0 3
0.39271960365818337 0.6128785799844703 0.5 -0.009974527393933383 0.1478706416335977 0.0 2
0.35781467964298175 0.6579288554696023 0.5 0.023755700834833138 -0.1319715224151874 0.0 39
0.34290940609961096 0.6095379000583513 0.5 0.0870848068841974 -0.06194583380936428 0.0 34
0.34088936768143485 0.7249678693604172 0.5 0.12201748107353377 -0.15838173129147254 0.0 18
0.5042620634863658 0.6359505375054135 0.5 -0.010628923932194275 0.05673426088417352 0.0 27
0.4531765132766984 0.6393961973367024 0.5 0.11968848881417336 -0.17434809897320402 0.0 12
0.5283328841843317 0.6803709715303963 0.5 0.0797232447728097 0.06500724027163698 0.0 36
0.5577783723113174 0.6226971068188297 0.5 0.02442396974285971 -0.027042197861137797 0.0 32
0.40672226939532746 0.6607787487039924 0.5 -0.06151376168201697 0.0018452253463338078 0.0 15
0.5909869501415281 0.7242481122315827 0.5 -0.09155520332141814 -0.1777748047036466 0.0 25
0.6106248102246348 0.6170719982859111 0.5 0.04693622094468068 0.1515523290725958 0.0 19
0.6821728606823941 0.7189588147006122 0.5 -0.14272739228907538 -0.14002174010285462 0.0 29
0.7742833116647916 0.738035820626305 0.5 -0.15662134883597156 -0.1241603829792575 0.0 37
0.2735245071502623 0.8075206557781798 0.5 0.13706276436981996 -0.14526842432715661 0.0 35
