Number of particles = 41
A = 1.0 Angstrom (basic length-scale)
H0(1,1) = 10.0 A
H0(1,2) = 0 A
H0(1,3) = 0 A
H0(2,1) = 0 A
H0(2,2) = 10.0 A
H0(2,3) = 0 A
H0(3,1) = 0 A
H0(3,2) = 0 A
H0(3,3) = 2.0 A
entry_count = 7
auxiliary[0] = ID [reduced unit]
10.000000
At
0.542699999999998 0.542699999999998 0.5 0 0 0 -1
1.000000
Br
0.38401622292426996 0.3732427160122286 0.5 0.10046233526207635 0.13563315049456964 0.0 17
0.33155353032754126 0.3745831899699246 0.5 0.15346858048583745 0.12593196519860922 0.0 4
0.28577392827190246 0.33664296778940944 0.5 0.15431237656966768 0.1271877107679132 0.0 16
0.5440909610338918 0.3615196799646542 0.5 -0.09151558801955179 0.17779353816591148 0.0 6
0.43539285936362493 0.3910705611962565 0.5 0.11222313345006962 0.09410768162610861 0.0 10
0.6651566591701347 0.22336995147531513 0.5 -0.1322569607479982 0.14997217245447803 0.0 0
0.39404131606722925 0.5336308251506096 0.5 -0.04684786272154068 0.15232161016379298 0.0 28
0.370924576166524 0.46869251928089267 0.5 -0.03289872768741384 0.010854657084860834 0.0 8
0.3213427719295793 0.47185167433017855 0.5 0.13150322501798895 0.02187407877966533 0.0 1
0.3953195400857026 0.4214241041849996 0.5 0.18584749046575783 0.058354166554353715 0.0 30
0.5138043532393693 0.5021376774126558 0.5 -0.04371034098637 -0.04957255894262699 0.0 5
0.4678058283451317 0.4874425061787567 0.5 0.1435089945559645 -0.013572977613864431 0.0 13
0.49093351376594063 0.5473088672933346 0.5 -0.23211513917138638 -0.08762963770066753 0.0 38
0.5470584913304657 0.4641135111250467 0.5 0.04872483602452088 -0.0450932648356929 0.0 23
0.4457958881854724 0.5288452007349498 0.5 0.2234623549154866 0.013701865454258028 0.0 33
0.44015820496394537 0.4425668913039192 0.5 0.013224474057801472 0.06630133797644809 0.0 20
0.49007762651806475 0.4438550777379856 0.5 0.15979352526514867 -0.0052813766015083335 0.0 7
0.5223519834726699 0.5886931615500328 0.5 0.1028843166815994 0.09996390448576487 0.0 21
0.4247930289614069 0.5754016216109779 0.5 0.008209504120878439 0.15476267731447507 0.0 31
0.5789340478564816 0.576701329265685 0.5 0.13315931846726164 0.12584287761962817 0.0 24
0.4713478402254531 0.5934697491750441 0.5 0.038117951806612024 -0.2145643213970158 0.0 22
0.5322837232852352 0.4157779256332702 0.5 0.0988555875349488 0.00454327821183613 0.0 11
0.5813340928502916 0.4268628144725725 0.5 -0.0016937389261932403 -0.06139848728601382 0.0 26
0.41810174751947604 0.4876033933865 0.5 0.10778949857058828 -0.024781916875278642 0.0 9
0.6710316559204935 0.46774110290897886 0.5 -0.19429707485023928 0.04730260969261359 0.0 14
0.6217793354310476 0.4557937712681241 0.5 -0.14145656763172434 0.09394703685046751 0.0 3
0.39214863110556036 0.6106211495286852 0.5 0.1787216052271885 -0.02098355966110462 0.0 2
0.3560486038147979 0.6605166050066122 0.5 0.15278905332420395 -0.12633344502918512 0.0 39
0.3414296425114909 0.6107904684086483 0.5 0.02809217268735789 -0.06521532406283612 0.0 34
0.3384457701975437 0.7281328115127652 0.5 0.12320234512412809 -0.15743618424339156 0.0 18
0.5044833631456659 0.6341743354011597 0.5 0.12805127689740975 0.18448306696700678 0.0 27
0.4522995439663505 0.642107224837366 0.5 -0.24087150942888919 0.007770743942232067 0.0 12
0.5264421466686484 0.6784178008427789 0.5 0.0716448325375702 0.06090630945852055 0.0 36
0.5569540595135952 0.6228878248664008 0.5 -0.0316623692632828 -0.07829676696726662 0.0 32
0.4083472418567875 0.6611241035025848 0.5 0.03034569972912513 -0.08632981103215627 0.0 15
0.5928150565297432 0.7278050678791762 0.5 -0.09160489831560753 -0.17773159908791025 0.0 25
0.61028734561786 0.6148193532106709 0.5 -0.08196995722459754 -0.011668414593593118 0.0 19
0.6850205177677465 0.7217662067920076 0.5 -0.14132150649563896 -0.14143455423428253 0.0 29
0.7774213186494862 0.7405115856571319 0.5 -0.1557754143730219 -0.1252251852197318 0.0 37
0.27076063610179596 0.8104050421382658 0.5 0.13688455479122447 -0.14563286350261054 0.0 35
