Number of particles = 41
A = 1.0 Angstrom (basic length-scale)
H0(1,1) = 10.0 A
H0(1,2) = 0 A
H0(1,3) = 0 A
H0(2,1) = 0 A
H0(2,2) = 10.0 A
H0(2,3) = 0 A
H0(3,1) = 0 A
H0(3,2) = 0 A
H0(3,3) = 2.0 A
entry_count = 7
auxiliary[0] = ID [reduced unit]
10.000000
At
0.5041999999999998 0.5041999999999998 0.5 0 0 0 -1
1.000000
Br
0.11510911558343535 0.19885059669383892 0.5 0.1469926521200825 0.11370383332147403 0.0 16
0.6679618178327255 0.18096568145523512 0.5 -0.11767952609352489 0.14311021027677256 0.0 6
0.8173687375577302 0.06553215109540264 0.5 -0.12956912642199436 0.13389283595829482 0.0 0
0.1698331402398743 0.2337510594745135 0.5 0.1399074098447467 0.12161787943770433 0.0 4
0.19352883574631957 0.3880989975230389 0.5 0.17242079648350966 0.07077982692320381 0.0 8
0.31773349621343117 0.21966220226517166 0.5 0.09251429632509439 0.16110330754811236 0.0 10
0.2363118118018932 0.2184241010054206 0.5 0.12450859409319373 0.13706064154691877 0.0 17
0.32920921845399875 0.29901923373063616 0.5 0.11637457245685723 0.14508405215025247 0.0 20
0.22418282890792973 0.291658132466558 0.5 0.14593790227030334 0.11595185803371456 0.0 30
0.42843441683983974 0.2698735727914231 0.5 0.036439675124380164 0.18251085556836885 0.0 7
0.6413520209697258 0.2800006947339052 0.5 -0.13202527705603204 0.1324994097652809 0.0 11
0.6840240111530107 0.3691318634558888 0.5 -0.16407928045363862 0.08811739600514401 0.0 23
0.7426736037831216 0.3556068111461087 0.5 -0.16573763732442615 0.08802550391953898 0.0 26
0.80359657708325 0.3634797955225078 0.5 -0.17107178022943575 0.07398775216328088 0.0 3
0.10952767143166034 0.4324191916917515 0.5 0.18238574530951612 0.03863816182188644 0.0 1
0.38102259764361107 0.5267158523319578 0.5 0.1858676326913863 -0.0019107744329580805 0.0 5
0.23223649119313988 0.45150027277005245 0.5 0.18231480648500226 0.03798046413938891 0.0 9
0.35496871681496694 0.46745081386147486 0.5 0.17946868946145134 0.04866035218741925 0.0 13
0.2334045678998899 0.5797942721582194 0.5 0.18579651938633757 -0.00012217088662951566 0.0 28
0.2810319690196664 0.493916371747145 0.5 0.1870252227321965 -0.0003641753792609509 0.0 33
0.887943562894623 0.46223728540742376 0.5 -0.17979321776940443 -0.050759178178032965 0.0 14
0.1352706423616606 0.651965371810084 0.5 0.1874111734415258 -0.0016600046349654707 0.0 34
0.16648301980159444 0.7444523995649621 0.5 0.1819642307121535 -0.033821049689037194 0.0 39
0.2286880158544983 0.7595019025775351 0.5 0.16303752905307559 -0.09014591914694184 0.0 2
0.37505966789624307 0.7075969529600266 0.5 0.10328985156284778 -0.1555630122736249 0.0 22
0.29784870782239375 0.6676588532423691 0.5 0.16932896493481572 -0.07736645860406557 0.0 31
0.4585843701189739 0.7105395074212325 0.5 0.022400748756356836 -0.1854232696584988 0.0 21
0.47066322576236275 0.6477507733600404 0.5 0.0023860252798059887 -0.1859710407643136 0.0 38
0.560359987772856 0.7961951669208307 0.5 -0.05405432815361441 -0.17891269765748277 0.0 27
0.665629982100244 0.6958914206201109 0.5 -0.13822598185359142 -0.12513178785052648 0.0 24
0.7933105443287857 0.7196023572513683 0.5 -0.15872436040827587 -0.09613501167035869 0.0 19
0.18671837542838943 0.8846594415637729 0.5 0.15238860457172088 -0.10821758045036031 0.0 18
0.09240533923321646 0.9352873890549184 0.5 0.16610356572290264 -0.07979007231429028 0.0 35
0.2859511448869454 0.8125884462764587 0.5 0.11560380650012841 -0.14648427091107358 0.0 15
0.442702563390477 0.843178191459827 0.5 0.019869581524077723 -0.18646229886466154 0.0 12
0.5827246671837909 0.8470622775452549 0.5 -0.05707324148276906 -0.17587859135909256 0.0 36
0.6839689933189115 0.9272046075778242 0.5 -0.06550971178737465 -0.17375613293308978 0.0 25
0.6252275472568868 0.8010434819388349 0.5 -0.07890429673093842 -0.1692813174674646 0.0 32
0.8163641784396634 0.8963623217709735 0.5 -0.0875940932637018 -0.16500070156609448 0.0 29
0.9234902908909742 0.9024025132329762 0.5 -0.0986855151809347 -0.15624175909630267 0.0 37
