Number of particles = 41
A = 1.0 Angstrom (basic length-scale)
H0(1,1) = 10.0 A
H0(1,2) = 0 A
H0(1,3) = 0 A
H0(2,1) = 0 A
H0(2,2) = 10.0 A
H0(2,3) = 0 A
H0(3,1) = 0 A
H0(3,2) = 0 A
H0(3,3) = 2.0 A
entry_count = 7
auxiliary[0] = ID [reduced unit]
10.000000
At
0.5468999999999978 0.5468999999999978 0.5 0 0 0 -1
1.000000
Br
0.39937604281883565 0.37507657124476557 0.5 0.02261842179785884 -0.011290359266972583 0.0 17
0.3450762632333044 0.3900661201758472 0.5 0.12363480563350593 0.12596303773259154 0.0 4
0.30429173679634325 0.35190759222172074 0.5 0.1546643964441432 0.1267726161840369 0.0 16
0.5377790593847748 0.3593243467819341 0.5 -0.0631095171418954 0.06272717980818125 0.0 6
0.4461564594688629 0.3981423308634672 0.5 0.19282632468422822 0.17790611316490193 0.0 10
0.6493671787528275 0.24144086773179016 0.5 -0.13142962519820628 0.1507380811833261 0.0 0
0.3979159903126074 0.5354230890289704 0.5 -0.05283821514985179 0.09512205686479837 0.0 28
0.374882779025295 0.47177396637910574 0.5 0.0634809246291821 0.03867862520351243 0.0 8
0.3253283699545878 0.47412351382602436 0.5 0.13370985301139163 0.006967739794752956 0.0 1
0.34787585332782245 0.5968822835675901 0.5 0.07168624754499596 -0.10788998920489012 0.0 34
0.5264360474963432 0.4998488551416429 0.5 0.12126836292524475 -0.1087797748774253 0.0 5
0.4759883000057041 0.49572306056837434 0.5 0.10995580239496967 -0.010424016960490057 0.0 13
0.49844637569611405 0.5431616240380979 0.5 -0.07558844408785392 0.01662214164570544 0.0 38
0.5570328206251615 0.46121773714446446 0.5 0.14345175988778605 -0.06643484240521194 0.0 23
0.4502714087686199 0.5372076681344076 0.5 0.1093576752658863 -0.058602213923991106 0.0 33
0.45316518864691835 0.44867335796111874 0.5 0.07827018864241932 0.04119331050596878 0.0 20
0.504271731999744 0.45294365827545935 0.5 0.11506024183440529 0.13837805273383852 0.0 7
0.5277778023457224 0.5902595072339964 0.5 -0.031705816179856766 -0.10834418868290185 0.0 21
0.4266830372280908 0.5811077047323365 0.5 -0.027334709500142884 0.05688626517088796 0.0 31
0.5870143495882882 0.577333627000522 0.5 0.05820439906232121 0.001079509578773022 0.0 24
0.47587033498659015 0.5896571259079609 0.5 0.09985758500716166 0.0799703806551344 0.0 22
0.535385163037484 0.41422711794052985 0.5 0.05378734766224558 -0.10739647617384371 0.0 11
0.5845223861920599 0.42143019472974164 0.5 -0.05346190167479883 0.025053648744260207 0.0 26
0.42582656874562075 0.49171372591867496 0.5 0.12183233199021387 -0.05393511177755496 0.0 9
0.4035710073318433 0.43029703127759567 0.5 0.09647475967888894 0.11980345752260925 0.0 30
0.654167930013591 0.4752416716742335 0.5 -0.17791890067631677 0.05633010051725401 0.0 14
0.6041914418935379 0.47208591316826365 0.5 -0.169841931447002 0.0994625260209071 0.0 3
0.3967088553162283 0.6169739218462684 0.5 0.06832158233117308 0.04639712562549392 0.0 2
0.35932041831067174 0.654647104380657 0.5 -0.019100972101050624 0.047380948027711756 0.0 39
0.3534304349154972 0.7093993367870315 0.5 0.12761570151668344 -0.1538855654992327 0.0 18
0.28688051283903315 0.7926640969833803 0.5 0.13095695346272723 -0.1509226164215851 0.0 35
0.5002883205605279 0.6346122756402951 0.5 -0.17561934500856596 0.14091679463853676 0.0 27
0.45140800576465534 0.6337050683127569 0.5 -0.04575171363468712 -0.05888233887260763 0.0 12
0.5327781542814065 0.6784320211972764 0.5 0.010650725206473113 -0.08027000564144098 0.0 36
0.5583399532568344 0.6301787991604878 0.5 -0.0031426535266645267 0.056805765972179435 0.0 32
0.4126535235231176 0.6653145425157369 0.5 0.07280437945559037 -0.023914448537103554 0.0 15
0.5816543411521959 0.7065649657985326 0.5 -0.09437385652113722 -0.1762672791599077 0.0 25
0.6108743924452867 0.6214600236546071 0.5 -0.022285324325546634 0.02096238180273456 0.0 19
0.6678942901972962 0.7049633179746552 0.5 -0.1433622276519358 -0.13937694361416314 0.0 29
0.758556041479629 0.7257022004603824 0.5 -0.15662701278696284 -0.12417766894368554 0.0 37
