Number of particles = 41
A = 1.0 Angstrom (basic length-scale)
H0(1,1) = 10.0 A
H0(1,2) = 0 A
H0(1,3) = 0 A
H0(2,1) = 0 A
H0(2,2) = 10.0 A
H0(2,3) = 0 A
H0(3,1) = 0 A
H0(3,2) = 0 A
H0(3,3) = 2.0 A
entry_count = 7
auxiliary[0] = ID [reduced unit]
10.000000
At
0.5454999999999979 0.5454999999999979 0.5 0 0 0 -1
1.000000
Br
0.3946558879932779 0.3759634512461207 0.5 0.1835423776142699 0.0306739535511872 0.0 17
0.34076082101880456 0.3849383786307008 0.5 0.07210868855928793 0.1333769756217718 0.0 4
0.298119344786819 0.3468191800920361 0.5 0.15427562809971596 0.1272639035894365 0.0 16
0.5400089910491952 0.35894582103588857 0.5 -0.03663076792513045 -0.11006573439914863 0.0 6
0.4419936633418047 0.39370975180584844 0.5 0.07157632522432905 0.03750279055959214 0.0 10
0.6546151443863847 0.23540351399819195 0.5 -0.131152086592825 0.1509627097167246 0.0 0
0.3975772559316504 0.5348167819612135 0.5 0.0034811785754729485 -0.008810964550780762 0.0 28
0.37464584988023536 0.47041097670235593 0.5 -0.12445186850622009 0.023561691787089806 0.0 8
0.32115041026587365 0.47372391858860763 0.5 0.03815887205133434 0.01689067279898024 0.0 1
0.5212627059756324 0.5028504574753525 0.5 0.16421513194290255 0.07113637656878877 0.0 5
0.47355330954591973 0.49323693554669773 0.5 0.026769930653652907 0.20206012698867232 0.0 13
0.4972413747225105 0.5445841905209693 0.5 0.0019817387502012312 0.061632015819994904 0.0 38
0.5523325256799784 0.46421584933498294 0.5 0.046636278491026785 -0.020695664927009458 0.0 23
0.4480587966559222 0.5338521791789768 0.5 0.07746274467620759 0.027749720473488795 0.0 33
0.44769599731921456 0.4471909176837028 0.5 0.17720806852977525 0.09311388265200672 0.0 20
0.4983950332869428 0.4513650990384133 0.5 0.03594578963343675 0.11131837845274167 0.0 7
0.5264578006494618 0.5888861243705846 0.5 0.0014009359401005589 0.025288969084185736 0.0 21
0.4250741129704152 0.5790107703137066 0.5 -0.023946549146949783 0.08559689360156134 0.0 31
0.5845951532540515 0.5769580992188573 0.5 0.007090957577132004 -0.044580344680558145 0.0 24
0.47646538097489727 0.5890827899949254 0.5 0.11669645304906565 -0.15334287280330394 0.0 22
0.5342218836187397 0.41465725661263464 0.5 0.1061211571892399 -0.002893632040467789 0.0 11
0.5846854664003458 0.4219724564638384 0.5 0.10787363236175421 -0.10092472907700253 0.0 26
0.42277494074943495 0.4909018617771411 0.5 0.2761203357879318 0.10655722683863225 0.0 9
0.40077588196900543 0.4255832544549751 0.5 -0.009330252317527571 -0.04197967135313234 0.0 30
0.6610295629587062 0.4729599644982466 0.5 -0.15693188774299233 0.05922130597750687 0.0 14
0.6107360271590865 0.4677372384489334 0.5 -0.14996754142681956 0.12862794458609694 0.0 3
0.3935551939877092 0.6175186078027958 0.5 -0.0314281590247868 0.11954253649886523 0.0 2
0.359154394959612 0.6539166088697929 0.5 0.08718723199824216 -0.08236745728415863 0.0 39
0.34545961329796854 0.601563519987672 0.5 0.10884043613971969 -0.10859920883567407 0.0 34
0.34839119906036736 0.7156089030499879 0.5 0.12500544486930093 -0.15601359505421353 0.0 18
0.2815937660965022 0.7986556119214381 0.5 0.13608956908372383 -0.14624932957086723 0.0 35
0.5036049131909832 0.6341686110418354 0.5 -0.15577517310148067 -0.1424556060663782 0.0 27
0.45519421784448866 0.6337607333502304 0.5 0.057361416175199686 -0.019823099640197517 0.0 12
0.5312058611116051 0.6796613333012173 0.5 0.10412911745743539 0.0815210944146859 0.0 36
0.5610726255626123 0.629265292573087 0.5 -0.07985813256461 0.10764381190743048 0.0 32
0.41027651867476295 0.6636677381860182 0.5 -0.03273120883598321 0.022564963545086386 0.0 15
0.5854166700525871 0.7136226165320583 0.5 -0.09216404057924632 -0.17745018222457581 0.0 25
0.6111404450279593 0.6217066351290119 0.5 0.052315371316091874 -0.026217140092599702 0.0 19
0.6736337191084381 0.7105330897323061 0.5 -0.1437805279212916 -0.13894671706288286 0.0 29
0.7648756718660378 0.730598913062464 0.5 -0.15890488778264805 -0.12121901509886146 0.0 37
