Number of particles = 41
A = 1.0 Angstrom (basic length-scale)
H0(1,1) = 10.0 A
H0(1,2) = 0 A
H0(1,3) = 0 A
H0(2,1) = 0 A
H0(2,2) = 10.0 A
H0(2,3) = 0 A
H0(3,1) = 0 A
H0(3,2) = 0 A
H0(3,3) = 2.0 A
entry_count = 7
auxiliary[0] = ID [reduced unit]
10.000000
At
0.5482999999999978 0.5482999999999978 0.5 0 0 0 -1
1.000000
Br
0.350585261082488 0.3950491335811458 0.5 0.14378763245041126 0.12416430331862399 0.0 4
0.31046296925417166 0.3569975364744563 0.5 0.1539483808501409 0.12765416268718704 0.0 16
0.5350493796379652 0.3623329471356952 0.5 -0.06756556656660505 -0.01438007154503737 0.0 6
0.4018483273372384 0.37745210869202545 0.5 0.07917131266679166 0.09053796125300048 0.0 17
0.6441475216866099 0.24750281389765588 0.5 -0.13030447719114624 0.1517137135452441 0.0 0
0.39861774525762356 0.5375650507063812 0.5 -0.036128239293480274 0.03660443691759291 0.0 28
0.3803048122645295 0.4757365708546487 0.5 0.03685987604178658 0.07530227732570141 0.0 8
0.3278927842611576 0.4744946135708631 0.5 0.10571744101202532 0.007268638754949477 0.0 1
0.352741194182386 0.5935158582715057 0.5 0.14393293252741987 -0.0726029400301739 0.0 34
0.5292785784917711 0.5040436136805456 0.5 0.1275511975244122 0.16166318712609304 0.0 5
0.479452744245153 0.49930067545187384 0.5 0.03403272796856199 0.1870694021285961 0.0 13
0.4984993249719981 0.5436401733912051 0.5 0.11986060037745955 -0.057056298361859284 0.0 38
0.554151980986276 0.4592072489547805 0.5 0.056207109151532084 -0.11445834418380635 0.0 23
0.4493198318866498 0.5370329413826311 0.5 0.08141282611467805 0.07002341611565865 0.0 33
0.4560625834155679 0.4516742276517742 0.5 0.03257543968711529 0.15235409857754115 0.0 20
0.5070979438191103 0.4552962609000376 0.5 0.012491734470428839 -0.09582733122605366 0.0 7
0.527427224781264 0.5924733782920055 0.5 0.0701045485621706 -0.047307098811910364 0.0 21
0.42735012408640183 0.5801644571681985 0.5 -0.00999756570553672 0.11969233951285463 0.0 31
0.5898877781859134 0.577230556096916 0.5 0.12447086645867773 0.046497587473301405 0.0 24
0.47652036589132074 0.5887588957275689 0.5 -0.20220027211359048 -0.015108982258484421 0.0 22
0.5337259340392466 0.41254276693498726 0.5 -0.05987890488498093 0.148492718657619 0.0 11
0.5887994948219573 0.4181562627329531 0.5 0.03988032286448392 -0.045268087929128564 0.0 26
0.4274548668855661 0.4897369387841654 0.5 0.03452602291227348 -0.1411386710042185 0.0 9
0.41037806443375524 0.4322807622879986 0.5 0.1835026845692253 0.046830243160997445 0.0 30
0.4514925511888597 0.4008541427244343 0.5 0.09973622693768602 -0.03733200158318173 0.0 10
0.5997483498817451 0.4777581119221657 0.5 -0.1068924357991483 0.16050306902480188 0.0 3
0.6531111565531803 0.4777770590661069 0.5 0.02613693132493433 0.06553338180255881 0.0 14
0.39545434227654086 0.6185439384121387 0.5 0.039998769976011386 -0.056811405733307285 0.0 2
0.35974942599973414 0.6540082567156787 0.5 0.013772729574145604 -0.11320376925533028 0.0 39
0.35841838130124976 0.704500407001577 0.5 0.120017968501651 -0.02484229910699054 0.0 18
0.2920195290935922 0.7865474259614941 0.5 0.12576275179922175 -0.15507574746679886 0.0 35
0.4995889840050466 0.6358105321598255 0.5 -0.0694929542063821 0.04769923880876521 0.0 27
0.4488660968508632 0.6286426181918283 0.5 -0.029554526097346816 -0.11429455211691344 0.0 12
0.532111924468882 0.6733907410442878 0.5 -0.02901677017779495 -0.1461412800483441 0.0 36
0.5589866110164288 0.6318191447373073 0.5 0.09627138580929928 0.12033376222253313 0.0 32
0.4143584917598201 0.6675153638599808 0.5 0.044436059066611536 0.03431646693935375 0.0 15
0.5778728504958223 0.6995168160307442 0.5 -0.09472287666851814 -0.17611475526301446 0.0 25
0.6092210800743044 0.6232933311640535 0.5 -0.0655439710065573 0.02604778809058606 0.0 19
0.6620998093052033 0.6994503694708467 0.5 -0.14574583895175658 -0.13689674391167322 0.0 29
0.7522003238289834 0.7208516478253943 0.5 -0.1597320215978793 -0.12020009710375254 0.0 37
