Number of particles = 41
A = 1.0 Angstrom (basic length-scale)
H0(1,1) = 10.0 A
H0(1,2) = 0 A
H0(1,3) = 0 A
H0(2,1) = 0 A
H0(2,2) = 10.0 A
H0(2,3) = 0 A
H0(3,1) = 0 A
H0(3,2) = 0 A
H0(3,3) = 2.0 A
entry_count = 7
auxiliary[0] = ID [reduced unit]
10.000000
At
0.5510999999999976 0.5510999999999976 0.5 0 0 0 -1
1.000000
Br
0.3228473446237964 0.3671254764137656 0.5 0.15470030148871128 0.12672554318795337 0.0 16
0.5292201516294115 0.3631783456886862 0.5 -0.07564746748059265 -0.01937003887865596 0.0 6
0.40972404879744123 0.38489458015167666 0.5 0.10359846368316006 0.06844983198546832 0.0 17
0.4573327681474327 0.3997625264749178 0.5 0.06382879028386419 0.026234510722234573 0.0 10
0.6337812444252812 0.2596891322352669 0.5 -0.12939050742226227 0.1524947355651357 0.0 0
0.38427156941795737 0.4786023913958033 0.5 -0.05673002820387249 0.11092972426802188 0.0 8
0.33554284709204796 0.47480185037402733 0.5 0.13787522384761455 0.0032977632007744977 0.0 1
0.35940177842404525 0.5842850344759489 0.5 0.0976127212025646 -0.11455954146165404 0.0 34
0.3628457878982696 0.4047869444350127 0.5 0.15713934607476948 0.12087066082384237 0.0 4
0.5352769825424433 0.5033362770886687 0.5 0.14261163372273616 -0.21278678152984293 0.0 5
0.4824020264560157 0.4994942261549299 0.5 0.15843840925665714 0.04203085647971305 0.0 13
0.505187207970856 0.5426468196097778 0.5 0.0019147248311389142 -0.051355420009887465 0.0 38
0.5580781501165697 0.46054938006410123 0.5 -0.21368469026984477 0.032980556117055304 0.0 23
0.4557084858800072 0.5414846261271705 0.5 0.06990826264399502 0.22080199587469584 0.0 33
0.45925023111320745 0.45257497672276586 0.5 -0.12589559837377962 -0.04356879908022024 0.0 20
0.5114767136870593 0.4595779170055782 0.5 0.15878223717234674 0.15333024225489797 0.0 7
0.5288551757309577 0.5925482299836632 0.5 0.004257271498001425 -0.031304523009051635 0.0 21
0.4263164137618133 0.5784147217043616 0.5 0.0664605294957154 -0.1358151427838357 0.0 31
0.593779960372899 0.5755066815307404 0.5 -0.028035432321122114 -0.12205635810559105 0.0 24
0.4746706703154321 0.5846139919161812 0.5 -0.26890002344951575 0.037179646368164385 0.0 22
0.5331773692205475 0.41359372499180125 0.5 0.07306502097013325 -0.02097698771214021 0.0 11
0.5883613191040897 0.4134094082052629 0.5 0.02720247525957678 -0.14388622115350358 0.0 26
0.43094367215495694 0.49619331683648227 0.5 -0.022252827761680992 -0.005513173384235168 0.0 9
0.41107522558426846 0.43598089775769866 0.5 0.09169243044759587 0.005330529320053429 0.0 30
0.5976863340426328 0.4943836005429225 0.5 0.01905351414361567 0.3066758162737317 0.0 3
0.4007728852942023 0.5349490059450166 0.5 0.05659311457804411 -0.060376174036422287 0.0 28
0.6482416796226953 0.48220103597078195 0.5 -0.071110105637654 0.04645000080181484 0.0 14
0.39647487202788334 0.619817369641643 0.5 0.022776329719194896 0.035789402003616966 0.0 2
0.3546392239160016 0.6504848667380979 0.5 -0.06728762432006083 -0.018160644669453 0.0 39
0.3686654778200931 0.7009194368141618 0.5 0.1294281948136556 -0.07861000832768897 0.0 18
0.30203337087803966 0.7740917497118456 0.5 0.12268246629848502 -0.15766273975082395 0.0 35
0.4963952601735634 0.6321974176734677 0.5 0.09584718609335033 0.012666474166742374 0.0 27
0.4451448925504426 0.6270275506892887 0.5 -0.17804553772166304 -0.03750201191893886 0.0 12
0.5284487524039228 0.6706122624629764 0.5 0.04028347620007266 -0.010402713307500831 0.0 36
0.5584419515824993 0.6317881947058513 0.5 -0.029305709706633272 0.09279207083988276 0.0 32
0.41895921953061316 0.6688677413346352 0.5 0.06671635567140205 -0.03986432747574867 0.0 15
0.5747405650385896 0.6875473416367966 0.5 -0.0564145580783396 -0.15664143577414724 0.0 25
0.6097182537757597 0.6239898223211531 0.5 0.050900694286960826 0.04795152111296361 0.0 19
0.6504703860669417 0.6884673045678374 0.5 -0.14574694219836803 -0.1368834130053342 0.0 29
0.7394057187547652 0.7112544714818442 0.5 -0.1604442002977654 -0.11934301732091981 0.0 37
