Number of particles = 41
A = 1.0 Angstrom (basic length-scale)
H0(1,1) = 10.0 A
H0(1,2) = 0 A
H0(1,3) = 0 A
H0(2,1) = 0 A
H0(2,2) = 10.0 A
H0(2,3) = 0 A
H0(3,1) = 0 A
H0(3,2) = 0 A
H0(3,3) = 2.0 A
entry_count = 7
auxiliary[0] = ID [reduced unit]
10.000000
At
0.5489999999999977 0.5489999999999977 0.5 0 0 0 -1
1.000000
Br
0.35355757181721226 0.39750133422529504 0.5 0.14995866938587799 0.12221513028206143 0.0 4
0.313561618827055 0.35952628476225984 0.5 0.15515699437610925 0.12616198389824212 0.0 16
0.5336414195816552 0.36315794058894424 0.5 -0.07120635836411711 0.05714426931737726 0.0 6
0.40365570683786867 0.3796553506162418 0.5 0.09359939436394882 0.11574591044011001 0.0 17
0.6415378771890794 0.2505340882955819 0.5 -0.13056995714580283 0.15148883218043085 0.0 0
0.3992165762418405 0.5380467101574509 0.5 0.048818436648315214 0.020500599242680752 0.0 28
0.3795319724514036 0.47639070646674303 0.5 -0.012851916361418438 0.03470534869670489 0.0 8
0.33053288071438885 0.4746662777783106 0.5 0.13947583028129604 0.009560012122831666 0.0 1
0.35384206143764835 0.5910169984439793 0.5 0.07063087285588676 -0.11583410522707893 0.0 34
0.5315759597863287 0.5026804988877018 0.5 0.186283268362183 -0.16958608591302735 0.0 5
0.4802549693727724 0.497642346382732 0.5 -0.01720620340136854 -0.07119194801903025 0.0 13
0.5029343136989878 0.5452452673205138 0.5 0.11757685447971668 0.05563057062520268 0.0 38
0.5557789277314077 0.45839334347487604 0.5 0.09980582753439804 0.022054778588111223 0.0 23
0.44940305502122574 0.5361198967057677 0.5 0.060627426731705555 -0.11107876668238931 0.0 33
0.46028460009984784 0.45195842828988786 0.5 0.14776933146614696 -0.03978547658374819 0.0 20
0.5038129762154603 0.4559187717513294 0.5 -0.15926541518410656 0.11367482184841865 0.0 7
0.5265908290666849 0.5943189616761202 0.5 -0.07307439219104223 0.12983877975418961 0.0 21
0.4263977401697157 0.5816829543851137 0.5 -0.008371861101383937 0.060322455359712646 0.0 31
0.5909324729785055 0.5760925423825896 0.5 0.08985338000048845 -0.018327385402068297 0.0 24
0.47736183503304624 0.5870143134205958 0.5 0.012401738109696529 -0.02836487537518443 0.0 22
0.532517871046117 0.4132897455163607 0.5 -0.054835934689955096 -0.07978349635418291 0.0 11
0.5884419988862907 0.4181258520186276 0.5 -0.034371188036072337 0.01098636621116705 0.0 26
0.4286985962161083 0.49217722763234556 0.5 0.026737485872537367 0.17212664213711631 0.0 9
0.41172748466146 0.43273220600090595 0.5 0.07732697761051088 0.033946146390939194 0.0 30
0.453306814792664 0.4013708236289696 0.5 0.0881054960673743 0.04389211638361429 0.0 10
0.6524150242491547 0.4790434385026387 0.5 -0.05221385698640482 0.06270355541084284 0.0 14
0.6006183854800449 0.4819967339948564 0.5 0.08165008278715156 0.2276199335585305 0.0 3
0.39762741374170274 0.6202137285723739 0.5 0.11999277433291716 0.07260347204446749 0.0 2
0.35979975807002335 0.6525874554653248 0.5 -0.03646652017134894 -0.025615844486771414 0.0 39
0.3608542694851201 0.703274542456471 0.5 0.12227789617284376 -0.07172738382547712 0.0 18
0.29453313130413383 0.7834421561618317 0.5 0.12577145821342212 -0.15522424026916265 0.0 35
0.4970595552748872 0.6336108768349384 0.5 -0.11239556223513561 -0.11998466918516217 0.0 27
0.4473810292162887 0.6282062262419259 0.5 -0.05636679326127572 -0.03941944706220897 0.0 12
0.531597088567815 0.6739921756474596 0.5 -0.029327374343756152 0.005463572998278682 0.0 36
0.5596559224067409 0.6308111303814482 0.5 -0.06106953074573035 -0.051455139057286256 0.0 32
0.41551647511060663 0.6670165629007546 0.5 0.061709683605167404 -0.04188929116445936 0.0 15
0.5760190074283591 0.6959735935596488 0.5 -0.09231431172405585 -0.1773611021932499 0.0 25
0.60961047559448 0.6249379309235671 0.5 0.07613071721287008 0.049727111182554296 0.0 19
0.6592114667348266 0.6966847511245632 0.5 -0.1440877641179975 -0.13862635392390543 0.0 29
0.7490137133204291 0.7184370362063056 0.5 -0.1586742316613879 -0.12157172412226222 0.0 37
