Number of particles = 41
A = 1.0 Angstrom (basic length-scale)
H0(1,1) = 10.0 A
H0(1,2) = 0 A
H0(1,3) = 0 A
H0(2,1) = 0 A
H0(2,2) = 10.0 A
H0(2,3) = 0 A
H0(3,1) = 0 A
H0(3,2) = 0 A
H0(3,3) = 2.0 A
entry_count = 7
auxiliary[0] = ID [reduced unit]
10.000000
At
0.5496999999999976 0.5496999999999976 0.5 0 0 0 -1
1.000000
Br
0.3566128912872588 0.3999333416051028 0.5 0.15352959155500273 0.12147593266335624 0.0 4
0.31666651190843675 0.36204750467799734 0.5 0.15510440239176826 0.12623533172032658 0.0 16
0.5322088880252026 0.3636023884067933 0.5 -0.07072205609462058 -0.03811760518083375 0.0 6
0.4056670645229977 0.3822242835753343 0.5 0.10226834704258544 0.1322875000217583 0.0 17
0.638948383636174 0.2535823079793921 0.5 -0.12920626446326744 0.15263797985377653 0.0 0
0.38176278253379536 0.4768697488682044 0.5 0.05362698481640037 0.005059182215368253 0.0 8
0.3311226807927591 0.47471553793193727 0.5 0.04843554976684108 0.002209287846380193 0.0 1
0.3559522927743894 0.5891052193900954 0.5 0.11546170035063741 -0.08987514080281953 0.0 34
0.5322929482076477 0.5005722526649847 0.5 -0.019534307938696663 0.004705388691678053 0.0 5
0.48212772126256115 0.5000440990970012 0.5 0.11031081544666599 0.12502959844147274 0.0 13
0.5018011208606461 0.5431007349506025 0.5 -0.13003383874909197 -0.11204365606655689 0.0 38
0.5571409593879608 0.4580234678674325 0.5 0.08737602167130126 -0.07988833447010182 0.0 23
0.45088020824128855 0.538457113549703 0.5 0.08087959771307211 0.08509652634439946 0.0 33
0.45710735989171525 0.4515180065997325 0.5 -0.13507846727345207 0.09681834109803189 0.0 20
0.5100879013443804 0.45561939749815206 0.5 0.40435588619721635 -0.04440626426530542 0.0 7
0.5269276735213195 0.5928624687979354 0.5 -0.02356344848842315 -0.01560323955530412 0.0 21
0.4275337609032743 0.5796897470507842 0.5 -0.008496731421207937 -0.09897924205301911 0.0 31
0.593246546736858 0.5766491134536503 0.5 0.08275957315182814 0.015234206328227832 0.0 24
0.47684730086726734 0.586747048264601 0.5 0.11570565459214271 -0.07461501570848797 0.0 22
0.5311933113801564 0.41455011895909494 0.5 -0.07050663026491727 0.15418372334224398 0.0 11
0.587016288426322 0.4189070128167785 0.5 -0.08182448371344762 0.04709045606536298 0.0 26
0.4302646562116137 0.4926152320623885 0.5 0.1588740573928502 0.041205509003066965 0.0 9
0.41238014119270333 0.433421620892786 0.5 -0.027746885117951245 0.01669238276326977 0.0 30
0.4548221860822742 0.401581871433467 0.5 0.06758808457560608 -0.05167458972775993 0.0 10
0.40103867984309394 0.5382976240021783 0.5 0.10319075370525745 0.01036725248332563 0.0 28
0.6505919439324502 0.48027336586249253 0.5 -0.10226771237770169 0.061190917705371065 0.0 14
0.6007704250153806 0.4857287633538111 0.5 -0.013534708487017672 0.17492672648304425 0.0 3
0.39724833803183013 0.6207983346336092 0.5 -0.16785273815951296 -0.018666635801707243 0.0 2
0.358292424641453 0.6516820165490087 0.5 -0.05474608190051716 -0.12783844332874633 0.0 39
0.36342852378723733 0.7027100237757481 0.5 0.13367229137784734 0.03138644128987851 0.0 18
0.2970636660426491 0.7803485541943173 0.5 0.12683936199499346 -0.15444326381422574 0.0 35
0.4961864940665045 0.6330069895159687 0.5 -0.03873133241209308 -0.04906154338523308 0.0 27
0.4466517326933149 0.6265205514236906 0.5 0.07909171780288815 -0.08763345213769007 0.0 12
0.5287186633619367 0.6719455173898595 0.5 -0.13445216726955553 -0.11220614424265599 0.0 36
0.5598309748375356 0.6309608928697686 0.5 -0.004216713527127672 -0.012049595209626708 0.0 32
0.41659771502403276 0.6679624227809522 0.5 0.04021586564950662 0.16354109885354848 0.0 15
0.5762991656678109 0.6934817486096099 0.5 0.001963502956663681 -0.1303402330221427 0.0 25
0.6097775109197437 0.6250287814025302 0.5 -0.011015811942472867 -0.008364142022486545 0.0 19
0.656314208026437 0.6939282284549938 0.5 -0.1451276518464925 -0.13755066854758485 0.0 29
0.7458207645619267 0.7160307662339027 0.5 -0.1598958214079721 -0.11999506044737257 0.0 37
