Number of particles = 41
A = 1.0 Angstrom (basic length-scale)
H0(1,1) = 10.0 A
H0(1,2) = 0 A
H0(1,3) = 0 A
H0(2,1) = 0 A
H0(2,2) = 10.0 A
H0(2,3) = 0 A
H0(3,1) = 0 A
H0(3,2) = 0 A
H0(3,3) = 2.0 A
entry_count = 7
auxiliary[0] = ID [reduced unit]
10.000000
At
0.5524999999999975 0.5524999999999975 0.5 0 0 0 -1
1.000000
Br
0.3290510387127815 0.3721756233748954 0.5 0.15488531471017408 0.1265113384018035 0.0 16
0.5261512480059387 0.36451831577400606 0.5 -0.08944086329661541 -0.025834073529907645 0.0 6
0.4133922963747871 0.38674305381327084 0.5 0.12440410812771953 0.0705677140749166 0.0 17
0.6286266684112713 0.26580643548685784 0.5 -0.1283554024688207 0.15336161957401523 0.0 0
0.38874939083533244 0.4806206726190652 0.5 0.041982755564482 0.0010181480751944652 0.0 8
0.3344093544816359 0.4745104157337293 0.5 0.011052697895459727 -0.003827007794719832 0.0 1
0.3633517844476811 0.5792098761716165 0.5 0.08621963730168183 -0.1461138876801342 0.0 34
0.3662849356945349 0.4109151189594821 0.5 0.08315655821550885 0.15436053890491708 0.0 4
0.5369305784131704 0.5050568549536634 0.5 -0.0598822496428974 -0.05688818823952256 0.0 5
0.485946169150756 0.5003757868490074 0.5 0.09313848608632178 0.11371398005459123 0.0 13
0.5046902594875421 0.5465757325257343 0.5 0.1282573823639576 -0.023712915480186586 0.0 38
0.5637908645106248 0.4563642731873026 0.5 0.09898236761159147 -0.06524081043159902 0.0 23
0.45331423944507876 0.5403750529148487 0.5 -0.1042728440700569 0.15012037346010348 0.0 33
0.4594946216973125 0.4535794333108882 0.5 -0.08967476601457391 0.15394778441715767 0.0 20
0.5114058340997004 0.45706045891795233 0.5 0.1532135618027477 0.003247853567712927 0.0 7
0.5264982931329574 0.5931453701809725 0.5 0.06467571483055459 0.10307436657703606 0.0 21
0.42382621058675635 0.5777535013616467 0.5 0.08128282624555003 -0.19429524722239833 0.0 31
0.598827723781411 0.5749762006012527 0.5 0.08747322943496771 -0.09810026402681904 0.0 24
0.47575500761949063 0.5847208993635283 0.5 -0.17548864585410295 -0.06730360564906163 0.0 22
0.5354153645753802 0.4140750853205515 0.5 0.11187788930106349 0.018264723454808375 0.0 11
0.5863269971786127 0.4119014496627319 0.5 -0.08513615953348816 0.009424471435611603 0.0 26
0.4350249229416911 0.49280733660195786 0.5 0.08380918609388308 -0.1929813704641619 0.0 9
0.41262418032252884 0.4369979842997599 0.5 0.04668690599933029 0.045367745137573315 0.0 30
0.5951134388708793 0.5028907859006101 0.5 -0.10104493359368298 0.1713807570428641 0.0 3
0.4011668299391717 0.5336389388098647 0.5 0.05306582141598571 -0.05171675483713459 0.0 28
0.46343405592023945 0.40319099445141815 0.5 0.12537253754361055 3.0563571233876985e-05 0.0 10
0.6434213981298431 0.4842315663361142 0.5 -0.14219256087578097 0.05306335439138113 0.0 14
0.3958494842963234 0.6223834538750191 0.5 0.07182873958345426 0.1379870228367882 0.0 2
0.35442983155571633 0.6488373678370312 0.5 -0.05392969251806399 0.000791557356241604 0.0 39
0.373674996774539 0.6964340323224837 0.5 0.12275145602273632 -0.12743823166901702 0.0 18
0.3069933773037804 0.7678241462773132 0.5 0.1230491374344459 -0.15740784551883197 0.0 35
0.49470838329098143 0.6328862032756851 0.5 -0.03553039962642663 0.005147171815823498 0.0 27
0.44521092144635566 0.6263198628536518 0.5 -0.05864881606590568 -0.029656613241149488 0.0 12
0.5253386175777919 0.6729855314360567 0.5 0.0196655005126512 0.09492589980762614 0.0 36
0.5586672325097449 0.6316121640554828 0.5 -0.09240780643410601 -0.04369080406748379 0.0 32
0.41911063926975417 0.6694060330289471 0.5 -0.02710469823926875 0.04206905052580308 0.0 15
0.5756016995114592 0.6823697342751578 0.5 -0.015844524462238097 -0.14274741195472368 0.0 25
0.6108440012734021 0.624269382084057 0.5 0.05991571797607362 0.07133439603153359 0.0 19
0.6446406296466461 0.6829913989650693 0.5 -0.146440846522712 -0.13616281208255498 0.0 29
0.7329027416190972 0.7066025237939181 0.5 -0.16231108624570617 -0.1166962325667679 0.0 37
