Number of particles = 41
A = 1.0 Angstrom (basic length-scale)
H0(1,1) = 10.0 A
H0(1,2) = 0 A
H0(1,3) = 0 A
H0(2,1) = 0 A
H0(2,2) = 10.0 A
H0(2,3) = 0 A
H0(3,1) = 0 A
H0(3,2) = 0 A
H0(3,3) = 2.0 A
entry_count = 7
auxiliary[0] = ID [reduced unit]
10.000000
At
0.5573999999999973 0.5573999999999973 0.5 0 0 0 -1
1.000000
Br
0.34768812948214867 0.3862064654117711 0.5 0.12777898931051784 0.09388244954275601 0.0 16
0.5146787456639441 0.3671996966480616 0.5 -0.040445361687567516 -0.000705827240752091 0.0 6
0.42468848524393554 0.3921890937905104 0.5 0.0718816092267328 0.13638299229682135 0.0 17
0.6108451187929185 0.2874319118639524 0.5 -0.1252057339513752 0.1559376693169916 0.0 0
0.38827194729358544 0.47912210520907383 0.5 0.036442606907093895 -0.26282023179527064 0.0 8
0.3382833129803432 0.47359996758687883 0.5 0.07949871394389066 0.0015980584828081358 0.0 1
0.37723217654084473 0.5705626272410304 0.5 0.09724148825146817 -0.08863964136637588 0.0 34
0.3779068307787234 0.42600825939323306 0.5 0.029005346436701128 0.06708574860445866 0.0 4
0.5432479897829058 0.5097002582965835 0.5 0.12794433577817427 -0.14577266073584222 0.0 5
0.4904286392890702 0.5005201772220998 0.5 0.10956858139667006 -0.053926960183072525 0.0 13
0.506807717228803 0.546531081730967 0.5 -0.030916765524422993 0.09785557379287124 0.0 38
0.576085310946477 0.4706647564985902 0.5 0.14320403016974503 0.12005078770500902 0.0 23
0.4578879653427926 0.5393224800478107 0.5 0.031402009805650055 0.18299913386697006 0.0 33
0.4766032625313984 0.4509196778248521 0.5 0.2636750058764124 -0.039836759770031566 0.0 20
0.5233869957679691 0.4614248882560659 0.5 -0.10651324290755501 0.06912513627774028 0.0 7
0.5243598033034385 0.5967156026327197 0.5 0.019893324464636847 -0.02186852023289637 0.0 21
0.42579733713032786 0.5769343634870915 0.5 -0.06849060439797444 -0.07426196301922018 0.0 31
0.4742249550071628 0.5875920380283917 0.5 0.10752203326416862 0.05325069141922488 0.0 22
0.5333174459182212 0.41261741545215314 0.5 -0.056044538510285374 -0.18332791504454518 0.0 11
0.5841834066708081 0.4180448157074449 0.5 -0.0062171581164802425 0.10448739168018631 0.0 26
0.4426079268211118 0.49270129466002377 0.5 0.034563302973112914 -0.09654261687876431 0.0 9
0.4242850716278325 0.4405024222400436 0.5 -0.09455325554189557 -0.16445448628595505 0.0 30
0.5925594241433818 0.5208134631743923 0.5 0.1876436737485494 0.14575852660465669 0.0 3
0.40663688507964507 0.530565238403489 0.5 -0.03613819732216249 0.268379466544113 0.0 28
0.4749216013026155 0.4005645504321992 0.5 -0.0007011661720179299 0.12469843564010255 0.0 10
0.627364622006513 0.48729686858200605 0.5 0.02977465706202516 -0.0966012497421716 0.0 14
0.6061628713606325 0.5681953091341712 0.5 -0.004833129067799265 -0.03928582168367412 0.0 24
0.39592287846978547 0.6184700193105972 0.5 0.06285492777410094 -0.06846568416180734 0.0 2
0.34965508819679847 0.6413688778989408 0.5 -0.015010655859524054 -0.03247699475491758 0.0 39
0.37836653959196526 0.6893464696511127 0.5 0.07661506995700178 -0.11248448044616116 0.0 18
0.32397991837605844 0.7455885620333318 0.5 0.12201795523103301 -0.15836476866467863 0.0 35
0.4938644339528967 0.6372233628638214 0.5 0.046792648823513805 0.10146718666187225 0.0 27
0.44450145594803836 0.6262462396830786 0.5 -0.08507780931118222 0.01162972196258874 0.0 12
0.5278977901891834 0.6724910601217113 0.5 0.055846343496976834 -0.053513913832625465 0.0 36
0.5571546391721081 0.6284853109913519 0.5 0.054938916017395215 -0.05067858916834478 0.0 32
0.4250133632075796 0.6730235515180812 0.5 0.01358884205003032 0.0346332632031888 0.0 15
0.5762500249216984 0.6779758260851826 0.5 -0.11713773330726587 0.0911315562508885 0.0 25
0.6058204257056705 0.6172759267338098 0.5 -0.12517228088441015 -0.17548064260701318 0.0 19
0.6261510648212669 0.6660470451412943 0.5 0.020543712943125736 -0.06408907458790686 0.0 29
0.7100049410165712 0.6905087782728476 0.5 -0.1645167015374327 -0.11366270653951455 0.0 37
