Number of particles = 41
A = 1.0 Angstrom (basic length-scale)
H0(1,1) = 10.0 A
H0(1,2) = 0 A
H0(1,3) = 0 A
H0(2,1) = 0 A
H0(2,2) = 10.0 A
H0(2,3) = 0 A
H0(3,1) = 0 A
H0(3,2) = 0 A
H0(3,3) = 2.0 A
entry_count = 7
auxiliary[0] = ID [reduced unit]
10.000000
At
0.5580999999999973 0.5580999999999973 0.5 0 0 0 -1
1.000000
Br
0.34902673899122744 0.3864734794967175 0.5 0.07660360037874488 0.02604757409145576 0.0 16
0.5122967392670998 0.36470000052471574 0.5 -0.14184738273005637 -0.15839057136456428 0.0 6
0.42631513841611524 0.3909876343930222 0.5 0.08372384268855036 -0.10950705869020826 0.0 17
0.6083405352017942 0.29055041367936774 0.5 -0.12523995610964794 0.15591821949645007 0.0 0
0.3911630527149237 0.47572153706434445 0.5 0.22135299820360918 -0.14027788700371518 0.0 8
0.33924809392767835 0.47371139013382857 0.5 -0.006627717127472704 0.0036020562569646186 0.0 1
0.37440950719097005 0.5704470058984353 0.5 -0.1810832533700883 -0.019579469466137256 0.0 34
0.37678490074860405 0.4282119677599752 0.5 -0.10220926167544508 0.08908445973661386 0.0 4
0.542704694098493 0.5102516338335559 0.5 -0.12615383331702404 0.14591297274459736 0.0 5
0.49353047648739967 0.49974824075684043 0.5 0.08739093617221719 0.056519944507697095 0.0 13
0.511088348281204 0.5478237096246013 0.5 0.23342100206697874 -0.09353078864416375 0.0 38
0.5780305189315802 0.4719033052514566 0.5 0.1156347594331135 0.009727276462275655 0.0 23
0.45983495008367725 0.5398390688301637 0.5 0.13147914034960032 -0.10302154708440017 0.0 33
0.4766218638094095 0.4517630929458015 0.5 -0.06850774914977294 0.1154128828704941 0.0 20
0.525970438053782 0.46416361905485476 0.5 0.2253749866383033 0.02020110731401202 0.0 7
0.5232844179771231 0.5934907189338733 0.5 0.03431176668335556 -0.11550519956696725 0.0 21
0.42620158795952345 0.5785419220714296 0.5 0.13470622550297065 0.14683749814746283 0.0 31
0.4779987906178912 0.5878170628855983 0.5 0.04891389235761756 0.09857630864587617 0.0 22
0.5339619287112309 0.4122866386968734 0.5 0.048657218543817285 0.07384883765765496 0.0 11
0.5831724481097085 0.4201861139877274 0.5 -0.06323899334435815 0.10776494415264468 0.0 26
0.44072437891179683 0.4886768320363629 0.5 -0.06188114781094786 -0.1747192954913392 0.0 9
0.42760045327641844 0.44415517404238525 0.5 0.2351282357564548 0.2728409605252941 0.0 30
0.5931013262663474 0.5205933984879109 0.5 0.09255674900890148 -0.11906418318611187 0.0 3
0.40809981380613214 0.531095350976612 0.5 0.05782628349454942 -0.054549136191147374 0.0 28
0.4749774465812481 0.40200411054629664 0.5 0.001304434733131645 0.004491287841972391 0.0 10
0.6287358733506142 0.4843503334224401 0.5 0.03994693753527694 -0.1236818626817931 0.0 14
0.6085584282044466 0.5676372979066144 0.5 0.11366056397164348 -0.03254989104966522 0.0 24
0.3945163419402212 0.6174103354908728 0.5 -0.085899297348057 -0.004600105684289063 0.0 2
0.350347049905734 0.6402456790841379 0.5 0.04881349551556012 -0.06286894249092558 0.0 39
0.37784045204257066 0.6876165009534433 0.5 -0.010238668524171539 -0.09480644600666238 0.0 18
0.3264275059917491 0.7424263266993079 0.5 0.12259529460103497 -0.15795100329121953 0.0 35
0.4931611597609466 0.6350535086409402 0.5 -0.009229823535333595 -0.15637575710721802 0.0 27
0.44394659056351077 0.6262782189999551 0.5 -0.05476903412141706 -0.10891006397747888 0.0 12
0.527100774441638 0.6729122592772963 0.5 -0.06727796369363948 0.03888286280167922 0.0 36
0.557677105802205 0.6312892756130045 0.5 -0.0036956215962757333 0.1778377444192824 0.0 32
0.427370587314562 0.6730803053772954 0.5 0.08258432483479866 0.059268134651663695 0.0 15
0.5780205741396492 0.6787875516149231 0.5 0.14405010931555462 0.02620092436989307 0.0 25
0.6064896627910482 0.6172504155425794 0.5 0.0785224626220271 0.04819904194750196 0.0 19
0.6256160496278427 0.6643731085712781 0.5 -0.04033287488980041 -0.08922210112004944 0.0 29
0.70671537103922 0.6882340662291977 0.5 -0.1645368537826935 -0.11365621962578001 0.0 37
