Number of particles = 41
A = 1.0 Angstrom (basic length-scale)
H0(1,1) = 10.0 A
H0(1,2) = 0 A
H0(1,3) = 0 A
H0(2,1) = 0 A
H0(2,2) = 10.0 A
H0(2,3) = 0 A
H0(3,1) = 0 A
H0(3,2) = 0 A
H0(3,3) = 2.0 A
entry_count = 7
auxiliary[0] = ID [reduced unit]
10.000000
At
0.5566999999999973 0.5566999999999973 0.5 0 0 0 -1
1.000000
Br
0.34519994700668344 0.38441089274177465 0.5 0.11249961107263798 0.07555621253214022 0.0 16
0.5154530864459718 0.36769681675200067 0.5 -0.03263252873257219 -0.10937163830518555 0.0 6
0.42331948319082063 0.3895544466767683 0.5 0.055604469070629124 0.11594394524489604 0.0 17
0.4749996481753622 0.39825494285094654 0.5 -0.015012792713925055 0.08320551343225863 0.0 10
0.6133507213294875 0.2843144041311424 0.5 -0.12571065825789746 0.15552246129771136 0.0 0
0.38734890720367265 0.48357881025288485 0.5 0.10375014009740874 -0.045162552518249036 0.0 8
0.3369897214124648 0.4736336301294126 0.5 0.01274242248003047 -0.012648460795478489 0.0 1
0.3755348655756335 0.572460636971056 0.5 0.04152856586094422 -0.11692194876877808 0.0 34
0.37766991586672155 0.42477665916025514 0.5 -0.04813741870938194 0.04219738383392818 0.0 4
0.5390733313322636 0.5101008336264476 0.5 0.20523270286448828 0.055637101737592926 0.0 5
0.49097909023440567 0.4989764152595629 0.5 -0.030604025795682 0.006341305699807842 0.0 13
0.5074710828384146 0.547324053465448 0.5 -0.02764684497662262 -0.04255684543722846 0.0 38
0.5724186777702613 0.4681924848525266 0.5 0.11380596425716405 0.11016319328221291 0.0 23
0.457220342663237 0.5389152553760855 0.5 0.05697460516307967 -0.015004173147039668 0.0 33
0.4725061535544081 0.4525693300795095 0.5 -0.07791849652341265 0.031275957925671914 0.0 20
0.5251683756453397 0.46250188246587254 0.5 0.1142182602865946 -0.15673539390116148 0.0 7
0.5229233755081748 0.5935612640835769 0.5 0.01880402457908989 0.1489824290204975 0.0 21
0.4257094559877971 0.5779493760051515 0.5 0.052655958757689636 -0.01019409087763058 0.0 31
0.47536312783555423 0.5847800226703695 0.5 -0.07296386157382714 0.07045549774258786 0.0 22
0.5347907528139647 0.41502334990353484 0.5 0.04528273975688735 0.07341768136356519 0.0 11
0.583913461889987 0.4159802733758304 0.5 -0.09178781269077607 0.0951936514419511 0.0 26
0.44069447119026817 0.49111960647446634 0.5 0.07543802018075518 0.15724428564758822 0.0 9
0.4251851209554533 0.44421312858986417 0.5 0.2156247329843155 -0.09486462172203136 0.0 30
0.5879834559261574 0.5193292044267612 0.5 0.11024735849018935 0.09491892059789853 0.0 3
0.40730346042254173 0.5271877842629047 0.5 -0.054040311090625445 -0.22332319947991236 0.0 28
0.6277755916348726 0.4883109500412032 0.5 -0.04142579997320424 -0.022609311004006587 0.0 14
0.6057903644519977 0.5689436074580885 0.5 0.1006555450776269 -0.03060527333286445 0.0 24
0.39490096188669827 0.6197005204774675 0.5 0.03130620482009888 0.05939794258684076 0.0 2
0.3503948377686154 0.6418023088991001 0.5 0.02902642582624789 -0.059805665885969334 0.0 39
0.3769601411171358 0.6914910655760023 0.5 0.0485874147642152 -0.08859341154741329 0.0 18
0.32153719892887717 0.7487537968637257 0.5 0.12298993382503937 -0.1575696373989196 0.0 35
0.4935453276957036 0.6360470218523281 0.5 0.0894698647581048 0.191659678553658 0.0 27
0.44377814675900595 0.6268349887962175 0.5 -0.06528454005713391 0.09947200748692542 0.0 12
0.5265353935080339 0.673206456678324 0.5 0.003248904432726297 -0.09511638941450759 0.0 36
0.5575994361104992 0.6310894815201523 0.5 -0.025133357069488577 -0.05306501301730032 0.0 32
0.42490276149267514 0.6717839580661785 0.5 0.04750482810641485 -0.010938183536239647 0.0 15
0.5770260564058917 0.6758393794782934 0.5 0.0033032824427480373 0.028816176588467773 0.0 25
0.6082236747522486 0.6209425927056149 0.5 -0.03932561499901278 -0.05850743184509132 0.0 19
0.6269234623636206 0.6668073167909789 0.5 -0.1478886874287138 -0.13461558220177067 0.0 29
0.7132955605591265 0.6927814544440345 0.5 -0.1644829278160856 -0.11367466773447094 0.0 37
