Number of particles = 41
A = 1.0 Angstrom (basic length-scale)
H0(1,1) = 10.0 A
H0(1,2) = 0 A
H0(1,3) = 0 A
H0(2,1) = 0 A
H0(2,2) = 10.0 A
H0(2,3) = 0 A
H0(3,1) = 0 A
H0(3,2) = 0 A
H0(3,3) = 2.0 A
entry_count = 7
auxiliary[0] = ID [reduced unit]
10.000000
At
0.5055999999999997 0.5055999999999997 0.5 0 0 0 -1
1.000000
Br
0.6631572076152497 0.18692112342300607 0.5 -0.12151523486904794 0.1511789115011617 0.0 6
0.8119466356253306 0.07096507332066235 0.5 -0.13851928046739148 0.13633471355529492 0.0 0
0.17565867764852144 0.2387117725690298 0.5 0.1492162882949119 0.12385543020189388 0.0 4
0.12109312358356741 0.2036351169916272 0.5 0.14943429863052937 0.12381816562133464 0.0 16
0.3215026357226517 0.22633157333969228 0.5 0.09496684315955484 0.16925562688794826 0.0 10
0.2414533663766591 0.22408588485072783 0.5 0.12992823332798062 0.14386341425064042 0.0 17
0.33400484558640325 0.3050039349189851 0.5 0.1213804502857384 0.151669697032594 0.0 20
0.23015849625855403 0.296479773982787 0.5 0.15063943337419483 0.12290113198902503 0.0 30
0.20061928662785028 0.39104496316599296 0.5 0.17906388617009605 0.0756995616389943 0.0 8
0.42995754387506135 0.2773927213346034 0.5 0.03863539063320899 0.19042852014838443 0.0 7
0.6360395102313834 0.28556256605886104 0.5 -0.1340262852097508 0.14114597159206244 0.0 11
0.677275594224872 0.37278750169168334 0.5 -0.17082744942661193 0.09269997946269748 0.0 23
0.7358647807647567 0.35921983962637527 0.5 -0.1727151738762588 0.09035696459277531 0.0 26
0.7965634021734498 0.36656025542079956 0.5 -0.17805785493411314 0.0780453963323445 0.0 3
0.11703495180742998 0.4340363902659242 0.5 0.19004470607385227 0.04111197393441754 0.0 1
0.3886886553472991 0.5266356690435721 0.5 0.19420288038200806 -0.002181737792452612 0.0 5
0.23975255974389262 0.45305237196391596 0.5 0.19023439882561238 0.039805993582303634 0.0 9
0.36236175700800743 0.4694859478843627 0.5 0.18721654492310652 0.05176239979332044 0.0 13
0.2410690805598994 0.5797723576496621 0.5 0.19417951267957212 -0.0008370236781332105 0.0 28
0.2887255566797099 0.49390777138138836 0.5 0.1946855312311077 -0.00014916623534528552 0.0 33
0.8805378357879734 0.46017070088774903 0.5 -0.18762019975301725 -0.05163958815064319 0.0 14
0.14297295991971984 0.6518786789313029 0.5 0.19483012874949807 -0.002313666357512247 0.0 34
0.1739878619300878 0.7430022344306981 0.5 0.1905874798918245 -0.034874112227516726 0.0 39
0.23527947409763933 0.7555897290977863 0.5 0.16677172324215025 -0.09947030511893992 0.0 2
0.37928105306547266 0.7011739764133735 0.5 0.10767334879599816 -0.16203029670548114 0.0 22
0.304769507682945 0.664353784227971 0.5 0.17559836601834913 -0.08302543273084637 0.0 31
0.45953634087115114 0.7029114979029767 0.5 0.024267412473150757 -0.19305324334150709 0.0 21
0.47080146424372343 0.6400833525914208 0.5 0.0048741290885635355 -0.1941793448148546 0.0 38
0.5581590708104117 0.7888264593398412 0.5 -0.055499345495894054 -0.18654685053615808 0.0 27
0.6599228700917202 0.6907522337553971 0.5 -0.14481738101183556 -0.12976168578224384 0.0 24
0.7868737086454871 0.7154612587969014 0.5 -0.16306253156967754 -0.10495925395248117 0.0 19
0.6219726910180785 0.7940802023434557 0.5 -0.08196253331883051 -0.17645045709100288 0.0 32
0.1929636569704249 0.8801747111593132 0.5 0.15918881890474484 -0.11173710255494562 0.0 18
0.09927717610030376 0.9319756625241379 0.5 0.17385199157036335 -0.08505517508843918 0.0 35
0.29062859877759567 0.8065083517474705 0.5 0.11311381761657369 -0.15753975947775511 0.0 15
0.44352849832981195 0.8355178100637912 0.5 0.020167480130779236 -0.19382490699393268 0.0 12
0.5803599783154011 0.8397941028638749 0.5 -0.061148896946449635 -0.18389875907457837 0.0 36
0.6812737269282086 0.9200326697847128 0.5 -0.06947368230792617 -0.1812602660777139 0.0 25
0.8127149232131832 0.889595707659797 0.5 -0.09382909796622976 -0.17044921499666515 0.0 29
0.9194298739504848 0.8959353116421578 0.5 -0.09989306794080983 -0.1658027613437777 0.0 37
