Number of particles = 41
A = 1.0 Angstrom (basic length-scale)
H0(1,1) = 10.0 A
H0(1,2) = 0 A
H0(1,3) = 0 A
H0(2,1) = 0 A
H0(2,2) = 10.0 A
H0(2,3) = 0 A
H0(3,1) = 0 A
H0(3,2) = 0 A
H0(3,3) = 2.0 A
entry_count = 7
auxiliary[0] = ID [reduced unit]
10.000000
At
0.5608999999999972 0.5608999999999972 0.5 0 0 0 -1
1.000000
Br
0.35561815677318176 0.38821723723165236 0.5 0.12048575863755981 0.0763741956695568 0.0 16
0.5084825947285421 0.36482647297949056 0.5 -0.021907587735503824 0.09109000067339615 0.0 6
0.4275613664872938 0.38532510780410145 0.5 0.05447996256751449 -0.008202963861721133 0.0 17
0.5985231894717131 0.3031815308281602 0.5 -0.12097807818507597 0.1592180984415097 0.0 0
0.3988340613266081 0.47926056676177164 0.5 0.16985604348109856 0.059011660876628486 0.0 8
0.3482835628639217 0.4750522801629657 0.5 0.16357851374443566 0.024119886582509756 0.0 1
0.375084004193349 0.5659456505896807 0.5 0.015234517520868865 0.010411881050136296 0.0 34
0.3815734798983068 0.4319376969721785 0.5 0.04770128010515279 -0.15306142397047195 0.0 4
0.5443060382202735 0.512065503390223 0.5 -0.048863709620701426 0.04764753644153075 0.0 5
0.49647064272217944 0.5032685867759188 0.5 -0.052292357223828224 0.22465370294228762 0.0 13
0.5120028914772 0.5492945336145838 0.5 -0.06687168114996742 -0.12576596324097228 0.0 38
0.5760705113473192 0.47123740506812367 0.5 0.07442442579986458 -0.14772669620074452 0.0 23
0.4639566995383295 0.5376336536433253 0.5 0.024478083850443873 -0.1595335441058166 0.0 33
0.4816524922747871 0.45398003235723666 0.5 -0.03825942100970406 -0.023325214010054204 0.0 20
0.5314348586170018 0.46144822983957645 0.5 0.10766480723409386 -0.05121664934782571 0.0 7
0.5237615740789949 0.5956663266287918 0.5 -0.06339591558074238 0.09624954655884765 0.0 21
0.4293846041251245 0.575714404312565 0.5 0.22144399956550795 0.039805380240653485 0.0 31
0.4760389037506239 0.5863465345903717 0.5 0.031870647027293836 -0.09798931711788869 0.0 22
0.5270396085121775 0.41228997453259125 0.5 -0.07980106968426695 0.08318117501111358 0.0 11
0.5796317963010021 0.4202344034691358 0.5 -0.11019007483282356 0.01767654863823717 0.0 26
0.4466209212714506 0.49054585148709107 0.5 -0.0023168144109111666 0.07685156685795178 0.0 9
0.4316432469644698 0.442423184452348 0.5 -0.0581827448082574 0.08665900261323642 0.0 30
0.5966634848001356 0.5198039844946251 0.5 0.04547855246589261 -0.1324137552399562 0.0 3
0.4102567224971378 0.5289997791450731 0.5 0.1318018755045578 -0.08303359163860663 0.0 28
0.4778022524726115 0.40365652282386033 0.5 -0.010233715991258057 -0.14851679298181628 0.0 10
0.6280750346347007 0.4801271253419376 0.5 -0.04092915889534441 0.019865274771576076 0.0 14
0.6124103191891777 0.5675472586888529 0.5 0.07792548880403907 0.10475006143003883 0.0 24
0.3934643448419811 0.6171883127749258 0.5 -0.11313874578046909 0.012017459803030622 0.0 2
0.34935540312642 0.6380109884446827 0.5 -0.038936393300055425 -0.02112304890480554 0.0 39
0.38027414450669716 0.67762070807485 0.5 0.023607979976443993 -0.1326189063246495 0.0 18
0.3363141719415348 0.7298531881424604 0.5 0.1254653146338596 -0.15567367765185258 0.0 35
0.4938921475937459 0.6368638208624595 0.5 -0.09019536796551378 0.026380633891816718 0.0 27
0.4441361708221221 0.6239390798760833 0.5 0.07334734211717074 -0.095256407658751 0.0 12
0.5249775862738956 0.6737091374804778 0.5 0.048446091844335584 0.0667337871996787 0.0 36
0.5572072168418536 0.6378814729581994 0.5 -0.15954531213726497 0.1916221616069082 0.0 32
0.43374944624999073 0.6745832813692284 0.5 0.08703264205290345 0.09680178962707514 0.0 15
0.5768553411034346 0.6824219954596671 0.5 -0.047053370228661566 -0.033307603980491186 0.0 25
0.603556831364415 0.6173099013641982 0.5 0.1298485100563458 0.030581377732140057 0.0 19
0.6268513868922707 0.6637163641065833 0.5 -0.07246912057690805 -0.05517840558694952 0.0 29
0.6935245110357706 0.679183572577869 0.5 -0.16647035469304677 -0.11074606025402953 0.0 37
