Number of particles = 41
A = 1.0 Angstrom (basic length-scale)
H0(1,1) = 10.0 A
H0(1,2) = 0 A
H0(1,3) = 0 A
H0(2,1) = 0 A
H0(2,2) = 10.0 A
H0(2,3) = 0 A
H0(3,1) = 0 A
H0(3,2) = 0 A
H0(3,3) = 2.0 A
entry_count = 7
auxiliary[0] = ID [reduced unit]
10.000000
At
0.565799999999997 0.565799999999997 0.5 0 0 0 -1
1.000000
Br
0.36477918251997427 0.3850437925613012 0.5 0.0718280164723481 -0.02159882170646181 0.0 16
0.5089673009668487 0.3678279889186373 0.5 0.020101962776575583 -0.1502780872026674 0.0 6
0.42251490293026767 0.39329590477324883 0.5 -0.008280423635180556 0.07427725322226511 0.0 17
0.5819035582704166 0.3257105164894037 0.5 -0.11602273800156626 0.16287905938463526 0.0 0
0.3530664000057888 0.4776481807097007 0.5 0.04902736522199735 0.022977020397472882 0.0 1
0.38181100907563936 0.5628438960191715 0.5 0.08604382266621104 0.031215965901394308 0.0 34
0.38724132988413923 0.4323176823430819 0.5 0.10265312744724536 0.08038565259288 0.0 4
0.5529500324062303 0.5151990924073718 0.5 -0.015716648305109694 0.12294594959613893 0.0 5
0.5044503039792755 0.5034999917284965 0.5 0.1451621263420826 0.14885687762578 0.0 13
0.5193226303677974 0.5496344917575191 0.5 0.11873655637142314 -0.09107342084977726 0.0 38
0.5852559921290954 0.47285347961036556 0.5 0.09896455448208144 0.020660965512090963 0.0 23
0.46967447952992936 0.5400460875669636 0.5 0.2973783726316813 0.18735620178557036 0.0 33
0.4875728017782259 0.4544830074159808 0.5 0.05624466493345259 0.02676970404646991 0.0 20
0.5361277797436418 0.4676466953594748 0.5 -0.0044906974820649315 -0.05009502963394111 0.0 7
0.43226236170496557 0.5757466488395944 0.5 -0.05911124319645214 0.17678887168777924 0.0 31
0.48060846340063296 0.5874115958670092 0.5 0.036698808349990175 -0.0361066909080732 0.0 22
0.5200787615773973 0.4188095712833735 0.5 -0.0829351855442095 0.13564411027364137 0.0 11
0.5712660391924679 0.4187595107918593 0.5 -0.011433823042389657 0.013345891944226005 0.0 26
0.4531050465087289 0.49098976712397197 0.5 0.02295666450386881 -0.11826547635121423 0.0 9
0.43775620120585723 0.44149183221238236 0.5 0.06539395494231787 -0.13653174148673491 0.0 30
0.4174364040297697 0.5263202687909649 0.5 -0.134479915788254 -0.08129154890022061 0.0 28
0.47108148849788556 0.4032812315917658 0.5 -0.10952486580889068 0.08740487895827809 0.0 10
0.4043233199232173 0.4784082936005774 0.5 0.060264942395495534 -0.011408036001907512 0.0 8
0.6354081703567351 0.48275574510533403 0.5 -0.01604940047542118 0.03293496049993466 0.0 14
0.6202995439119908 0.568092422128496 0.5 0.15361704528042058 0.023930337156258977 0.0 24
0.6037778658869677 0.520124605212491 0.5 -0.019166715308364987 -0.15565281399391748 0.0 3
0.39723214535262324 0.6097830843767941 0.5 -0.01984789120627005 -0.06563624690247648 0.0 2
0.3507428980629099 0.6270626550883457 0.5 0.07565509190373979 -0.07505776130718182 0.0 39
0.3933839062970567 0.6609136594772403 0.5 0.10158031360860648 -0.14299777468978364 0.0 18
0.3538870371234645 0.7080701620215435 0.5 0.12713902364476848 -0.154280835769949 0.0 35
0.493161858274412 0.6383215223966101 0.5 -0.021042512185993973 0.017497751979546505 0.0 27
0.44511008308335775 0.6244872373876922 0.5 -0.02963090415245373 0.017815604763432382 0.0 12
0.5203473730646817 0.6821111389286572 0.5 -0.02858275176405884 0.03060953374191812 0.0 36
0.5550930440407402 0.6415494136192237 0.5 0.03983013052510431 0.15179845093763245 0.0 32
0.4457928150878847 0.674607248650853 0.5 0.07558752846606562 -0.08575296946515296 0.0 15
0.5717602326972687 0.6908483094456008 0.5 -0.07932355386286033 0.059619303970485066 0.0 25
0.5951989912551376 0.6139903754420971 0.5 -0.14183388805132088 0.13867662573998393 0.0 19
0.5277266841921426 0.600539864375208 0.5 0.07206431455173937 -0.18876102963658586 0.0 21
0.6178642559573305 0.6580660825076513 0.5 -0.0736516091433789 -0.1363607072775746 0.0 29
0.6702735130326329 0.6635929249227974 0.5 -0.16632358464160946 -0.11105121921331534 0.0 37
