Number of particles = 41
A = 1.0 Angstrom (basic length-scale)
H0(1,1) = 10.0 A
H0(1,2) = 0 A
H0(1,3) = 0 A
H0(2,1) = 0 A
H0(2,2) = 10.0 A
H0(2,3) = 0 A
H0(3,1) = 0 A
H0(3,2) = 0 A
H0(3,3) = 2.0 A
entry_count = 7
auxiliary[0] = ID [reduced unit]
10.000000
At
0.5069999999999997 0.5069999999999997 0.5 0 0 0 -1
1.000000
Br
0.6582217373208612 0.19303481841171474 0.5 -0.12379523890765382 0.1539075325910919 0.0 6
0.806441462680381 0.07657855679360108 0.5 -0.13921962965706808 0.14019908125205227 0.0 0
0.18170315679450266 0.24372782318679964 0.5 0.15180755516597316 0.12622864772311637 0.0 4
0.12723634600345585 0.20853482656079989 0.5 0.15512759799183096 0.1222803541941017 0.0 16
0.3254592596676173 0.23312013074744856 0.5 0.09917152235743038 0.17075690701939739 0.0 10
0.24677177171315537 0.22986554816198196 0.5 0.13437804921824778 0.14469357912992487 0.0 17
0.3389460322166034 0.31112209943965796 0.5 0.12472941266546253 0.15331497046940035 0.0 20
0.23634243713291186 0.30134038651075257 0.5 0.15525889499951723 0.12230341918318197 0.0 30
0.2078978049767414 0.3940304514831609 0.5 0.18286773166610998 0.07510687486276785 0.0 8
0.43150693352683006 0.2851038708652741 0.5 0.03804489061239408 0.19396070736532103 0.0 7
0.6305888395148277 0.2912439609263046 0.5 -0.13756644950678332 0.14212338513851674 0.0 11
0.6703624310601488 0.3765416800816851 0.5 -0.17355716981376573 0.0946488013775022 0.0 23
0.7288936017844894 0.36289338165778373 0.5 -0.1749272281190381 0.0925766964809227 0.0 26
0.7893480518079408 0.3696973825606352 0.5 -0.18112618939761432 0.07924963420398501 0.0 3
0.12472177961770155 0.43571808400264045 0.5 0.19315284015322953 0.0422556923458412 0.0 1
0.3965513702435573 0.5265345572387509 0.5 0.19761086809441802 -0.0027397272394448476 0.0 5
0.24745017426243754 0.4546734964497226 0.5 0.19344548661520256 0.04071088274677086 0.0 9
0.3699590543372541 0.4715125454073158 0.5 0.19124873013638088 0.04974890514133343 0.0 13
0.24893155831473246 0.5797323635612598 0.5 0.19761280043716234 -0.001182735287707784 0.0 28
0.2966000501852638 0.4939042486715744 0.5 0.19782319359226175 -6.109848999742896e-05 0.0 33
0.8729199833890858 0.4581924800005245 0.5 -0.1920653008468815 -0.046843889149276896 0.0 14
0.1508503812869141 0.6517716191063261 0.5 0.19785435547395358 -0.0033641048158999003 0.0 34
0.18168583035369487 0.741470799321134 0.5 0.19257144879936638 -0.042692035321637914 0.0 39
0.2419735924695304 0.7514745164417843 0.5 0.1691743539068793 -0.10157531524743924 0.0 2
0.38362720867552486 0.6946136012864538 0.5 0.10860418940826538 -0.16522944705116444 0.0 22
0.3118656069082971 0.660967002664702 0.5 0.17867890175627207 -0.08431153879310924 0.0 31
0.46049319249185866 0.6951010964741355 0.5 0.02115498261506319 -0.19650949046502142 0.0 21
0.4710630988592454 0.6322243920674443 0.5 0.007325349399505871 -0.19748750356087758 0.0 38
0.5559782030070374 0.7812620599881359 0.5 -0.05496143264334391 -0.18999658582921974 0.0 27
0.6540306426139583 0.6855389887318624 0.5 -0.1476776542604642 -0.13143801899991658 0.0 24
0.7802248555865298 0.711277312123751 0.5 -0.1672321060652478 -0.10506330418953565 0.0 19
0.6185913019306052 0.7869730677881104 0.5 -0.08497812288300395 -0.17854030385686004 0.0 32
0.199337247763973 0.8755750681086873 0.5 0.15732995352599582 -0.11930240274651427 0.0 18
0.10638434523860052 0.9286822188322168 0.5 0.17861960053817544 -0.08269825215915683 0.0 35
0.29534587887716796 0.8002288284119571 0.5 0.12096274326218537 -0.15601317220465316 0.0 15
0.4443674464044216 0.8276840296773568 0.5 0.02083303854269282 -0.1967823648347075 0.0 12
0.5779886118507911 0.8323084173045887 0.5 -0.0590334291717029 -0.18840086547854396 0.0 36
0.6784292366712241 0.9127059353389159 0.5 -0.07189811844303484 -0.18400338154487988 0.0 25
0.8090372768040064 0.8826406836649549 0.5 -0.09408584321767205 -0.17375804787059307 0.0 29
0.9150807006919395 0.8894166152066868 0.5 -0.11314370621708722 -0.16132033092098408 0.0 37
