Number of particles = 41
A = 1.0 Angstrom (basic length-scale)
H0(1,1) = 10.0 A
H0(1,2) = 0 A
H0(1,3) = 0 A
H0(2,1) = 0 A
H0(2,2) = 10.0 A
H0(2,3) = 0 A
H0(3,1) = 0 A
H0(3,2) = 0 A
H0(3,3) = 2.0 A
entry_count = 7
auxiliary[0] = ID [reduced unit]
10.000000
At
0.5104999999999995 0.5104999999999995 0.5 0 0 0 -1
1.000000
Br
0.7922835436404896 0.09056699135440152 0.5 -0.1440165371970718 0.13825389241915226 0.0 0
0.19700946190332225 0.2564507931807939 0.5 0.15309426600558806 0.12818740871367618 0.0 4
0.14288013358624557 0.22085105782456022 0.5 0.15742746804389934 0.1227898513924751 0.0 16
0.3353038429238018 0.2504186797203115 0.5 0.10084848008541428 0.1723026721148992 0.0 10
0.26013802554966076 0.24460841658455168 0.5 0.13176222230471257 0.14994718916714644 0.0 17
0.35141598672506935 0.32664569319599385 0.5 0.12461790087067598 0.15604001801855982 0.0 20
0.2518591987533595 0.3138164425178326 0.5 0.15544064844603983 0.12532107351439173 0.0 30
0.4353388755803077 0.30464775829021373 0.5 0.038429172887419996 0.19601087646385046 0.0 7
0.6169790824194162 0.305786257713753 0.5 -0.13485284598452452 0.14731469885360704 0.0 11
0.6528824856893691 0.38608828472340045 0.5 -0.1751880554836942 0.09595985003322022 0.0 23
0.7112697310715542 0.37218829399199527 0.5 -0.17650785730837226 0.09355022669575089 0.0 26
0.7710838406438382 0.37764238596246624 0.5 -0.18316237977365457 0.07968935377179942 0.0 3
0.6458305557915242 0.2086191817069593 0.5 -0.12383586392419296 0.156693258144737 0.0 6
0.14417145594390277 0.4400138588466057 0.5 0.19504343264669777 0.04311714122303738 0.0 1
0.2669158328737128 0.4588869677870866 0.5 0.19509339246616964 0.04284696608627654 0.0 9
0.38924854913436013 0.4764615975458918 0.5 0.19326145569537184 0.0504520235488351 0.0 13
0.26884559059701935 0.5795571581114274 0.5 0.19972944030324713 -0.0023177842033928 0.0 28
0.31652232724128526 0.49390206714799073 0.5 0.19976626719172608 -6.560400409348513e-06 0.0 33
0.22628953836766627 0.4016677478056394 0.5 0.18499688450952606 0.0752470231772637 0.0 8
0.4164623113572949 0.5261315977057357 0.5 0.19967058731651827 -0.0053098227119939 0.0 5
0.8533797027326884 0.45441898274992887 0.5 -0.19702238479781176 -0.0322167018992464 0.0 14
0.170769525135988 0.651359636546629 0.5 0.19964879668073005 -0.0062855619131751365 0.0 34
0.2588224289288022 0.7409475929661614 0.5 0.16736227938587828 -0.10857516259100802 0.0 2
0.39475193904628725 0.6780992832107318 0.5 0.11205874591507689 -0.16522833326522146 0.0 22
0.3295969112944451 0.6519500103619911 0.5 0.1754443698050956 -0.09516940172323105 0.0 31
0.30717321689801796 0.7842571026514151 0.5 0.11563754109393856 -0.16243992832232895 0.0 15
0.20088008947683803 0.7364905859847771 0.5 0.187855423105736 -0.06521055333716878 0.0 39
0.46232299434465524 0.6752715813100975 0.5 0.01766730225205538 -0.19894821885365266 0.0 21
0.4722715822754888 0.6123506794631173 0.5 0.01570566476778005 -0.19908379181764785 0.0 38
0.5503498482203009 0.7621544074969075 0.5 -0.05781306937837673 -0.19119357062950493 0.0 27
0.6390571353320391 0.6724090009621049 0.5 -0.15009152324455344 -0.13177354115898693 0.0 24
0.7632830114328847 0.7008339481936983 0.5 -0.17148535522762298 -0.10217354372346302 0.0 19
0.6099876722569925 0.7690104070398779 0.5 -0.08818925544187105 -0.17919135152200955 0.0 32
0.12405926138862329 0.9196239589303714 0.5 0.1800342899139029 -0.08521785678635385 0.0 35
0.21511532720559892 0.8634818510733263 0.5 0.1566851044978287 -0.12337757180744824 0.0 18
0.44651050634135087 0.8078765362265733 0.5 0.021779477283173927 -0.19855807058592112 0.0 12
0.5719266325756366 0.813348023984015 0.5 -0.06117563249257783 -0.19009741903036098 0.0 36
0.6710078604322604 0.8942341311379621 0.5 -0.073615381637408 -0.1856155605424194 0.0 25
0.7990910157115836 0.8654036804946568 0.5 -0.09844680998954677 -0.1736444035973475 0.0 29
0.9038647985027009 0.8730105346177357 0.5 -0.11559596101352018 -0.16259329278450874 0.0 37
