Number of particles = 41
A = 1.0 Angstrom (basic length-scale)
H0(1,1) = 10.0 A
H0(1,2) = 0 A
H0(1,3) = 0 A
H0(2,1) = 0 A
H0(2,2) = 10.0 A
H0(2,3) = 0 A
H0(3,1) = 0 A
H0(3,2) = 0 A
H0(3,3) = 2.0 A
entry_count = 7
auxiliary[0] = ID [reduced unit]
10.000000
At
0.5111999999999994 0.5111999999999994 0.5 0 0 0 -1
1.000000
Br
0.789466286267715 0.0933955365617696 0.5 -0.14000488909253345 0.14229567159488216 0.0 0
0.14601652140852553 0.2233252580718265 0.5 0.15658227722952256 0.12405080259015867 0.0 16
0.3372710999111811 0.2538943570271581 0.5 0.09784629783304952 0.17410625066562047 0.0 10
0.2628122464052035 0.24757444694680014 0.5 0.13428251988396384 0.14781719326973253 0.0 17
0.35393402500397 0.3297475877064987 0.5 0.12630911694999386 0.15479046294941978 0.0 20
0.2549814224841557 0.31630892138701566 0.5 0.1562416962302885 0.12450307968913381 0.0 30
0.2000664595288863 0.2590231477693241 0.5 0.15273251129673798 0.12879638555410872 0.0 4
0.436116081004197 0.30856769256441513 0.5 0.03919290542063099 0.19594947768338533 0.0 7
0.6142819964211029 0.3087346642292347 0.5 -0.13492424584568408 0.14738689652030634 0.0 11
0.6493826973023348 0.3880175639346369 0.5 -0.1749055656421632 0.09665629744853754 0.0 23
0.7077325992632887 0.3740487648034684 0.5 -0.17700489989317852 0.0927784334706718 0.0 26
0.7674232409041121 0.37924564745568834 0.5 -0.18306921991488012 0.08012454609412742 0.0 3
0.6433556490476711 0.21175620208399848 0.5 -0.12326363993083164 0.15724987841178945 0.0 6
0.14807625297721805 0.44086452897561046 0.5 0.19528101487713245 0.042437843479209994 0.0 1
0.27081573676434156 0.45975906038526426 0.5 0.19495122949896626 0.043888902377095654 0.0 9
0.393112078738326 0.4774826050618414 0.5 0.19320171591475233 0.051038289421687824 0.0 13
0.2728415173923818 0.5795044021200673 0.5 0.19981742426020366 -0.0026067492816980913 0.0 28
0.32051896148884607 0.4939019726782249 0.5 0.19985041100270468 -4.198656261983049e-06 0.0 33
0.22998670942791274 0.4031835291940002 0.5 0.1847482773110723 0.07611220879371489 0.0 8
0.4204564158046888 0.5260045630887958 0.5 0.19970938242935515 -0.006772929235632991 0.0 5
0.8494287902323745 0.45383782348854573 0.5 -0.197725581897278 -0.027857526696062743 0.0 14
0.17476422763961902 0.6512463309494405 0.5 0.19975733560763131 -0.005602232225845815 0.0 34
0.26214858891659354 0.7387398564315449 0.5 0.16594118162190352 -0.11099749727342456 0.0 2
0.3969811496675638 0.6747843786517304 0.5 0.11151354207635356 -0.1657447213749163 0.0 22
0.33309740252672926 0.6500288620013845 0.5 0.17551392319503656 -0.09520077311711958 0.0 31
0.3094761328852022 0.7809972849433621 0.5 0.11513799017493756 -0.1630560737414639 0.0 15
0.2046691295075031 0.7352703115424043 0.5 0.18976897803178117 -0.06033933334606939 0.0 39
0.46269071726797506 0.671292488357874 0.5 0.018742050495911385 -0.19894094717113509 0.0 21
0.47263179181414827 0.6083719498434413 0.5 0.018870845398240493 -0.19886964091963616 0.0 38
0.5491775320030448 0.7583342167391216 0.5 -0.05831558809600876 -0.19112237958001937 0.0 27
0.6360282614738556 0.6698031226549547 0.5 -0.1518548924538763 -0.12984068586766107 0.0 24
0.7598587890294142 0.6987784774540662 0.5 -0.17059750396692508 -0.10380033540855343 0.0 19
0.6082508931311259 0.7654120146259422 0.5 -0.08662116074285302 -0.18005027713076333 0.0 32
0.1276074784538269 0.9178128981619335 0.5 0.17659013964813886 -0.09219349013754746 0.0 35
0.21825570980345388 0.8610176564135286 0.5 0.15709455984659743 -0.12318748652530936 0.0 18
0.4469431491990428 0.8039036580280575 0.5 0.021749132671238028 -0.1986511765008257 0.0 12
0.5706738104695249 0.8095541956834402 0.5 -0.06325553346689594 -0.18950605621776107 0.0 36
0.6695108256080913 0.8905300673200195 0.5 -0.0754258926831523 -0.18499113520359983 0.0 25
0.7970541998430771 0.8619699470221098 0.5 -0.10296835310766542 -0.1710221625840712 0.0 29
0.901528979085714 0.8697726282581802 0.5 -0.11721474434476498 -0.16163411639011172 0.0 37
