Number of particles = 41
A = 1.0 Angstrom (basic length-scale)
H0(1,1) = 10.0 A
H0(1,2) = 0 A
H0(1,3) = 0 A
H0(2,1) = 0 A
H0(2,2) = 10.0 A
H0(2,3) = 0 A
H0(3,1) = 0 A
H0(3,2) = 0 A
H0(3,3) = 2.0 A
entry_count = 7
auxiliary[0] = ID [reduced unit]
10.000000
At
0.5118999999999995 0.5118999999999995 0.5 0 0 0 -1
1.000000
Br
0.7866406416517544 0.09621853143900422 0.5 -0.1417075940270034 0.14075903580522164 0.0 0
0.14913116028369186 0.22582925209231294 0.5 0.15543100879103017 0.12559730091203503 0.0 16
0.3392242509619307 0.25738037853816975 0.5 0.09777842444593063 0.17425910994977029 0.0 10
0.26552472317561004 0.2505079102265243 0.5 0.13601702894659257 0.14633666296005438 0.0 17
0.35646522941743675 0.33284038444081093 0.5 0.1260555272231792 0.15506501556939745 0.0 20
0.2581066669512002 0.31880042774377837 0.5 0.15621758693168392 0.12465912716330761 0.0 30
0.20315316361998037 0.2615603582742513 0.5 0.15423995856276757 0.12701337119905703 0.0 4
0.4369157848295931 0.31248417077959767 0.5 0.039676238271121864 0.19590004013753265 0.0 7
0.6115930420634111 0.3116917789387471 0.5 -0.13367287602196293 0.14855081695521655 0.0 11
0.6458787822843077 0.3899419823526141 0.5 -0.1752501503708172 0.09614919681756451 0.0 23
0.7041924826244284 0.3759061249653748 0.5 -0.17694439892067843 0.09301053451458324 0.0 26
0.7637590496905833 0.38084399296431226 0.5 -0.18325993472913532 0.07983427469151047 0.0 3
0.640905025167419 0.21491386316290884 0.5 -0.12238562153113508 0.1580157027659732 0.0 6
0.15198563659420297 0.4416987346506997 0.5 0.1956355263631006 0.040931665697093875 0.0 1
0.27472285050058265 0.460599816322998 0.5 0.19563649651602666 0.04059169715150632 0.0 9
0.3969746663547936 0.478512419033655 0.5 0.19308356645478963 0.05171176313011824 0.0 13
0.276838743514894 0.5794489647249327 0.5 0.19987297868259724 -0.0028714578917272086 0.0 28
0.32451680740728506 0.4939019122175747 0.5 0.19990426304173098 -2.687140007669152e-06 0.0 33
0.23367883374095078 0.4047144215427211 0.5 0.18484859625151673 0.07598264974286095 0.0 8
0.42445127475780187 0.5258610356595107 0.5 0.19974688038802707 -0.007424946034724411 0.0 5
0.845472166524036 0.45328319530866656 0.5 -0.1979020822989015 -0.02739427526400036 0.0 14
0.1787596293895793 0.6511168398916901 0.5 0.1997622110204209 -0.00697347664752678 0.0 34
0.26544400207942515 0.7364828567114541 0.5 0.164372723478924 -0.11346640538084621 0.0 2
0.3992356114892211 0.6714846645134799 0.5 0.11326279095993316 -0.1646302324816432 0.0 22
0.33660203683593093 0.6481133784545958 0.5 0.17444385768701698 -0.09716579042255052 0.0 31
0.31177478230868105 0.7777308707660919 0.5 0.11439306043513509 -0.16372748400773884 0.0 15
0.20845805380682392 0.7340297652863782 0.5 0.18913304508355894 -0.06312466063854251 0.0 39
0.46308082639836473 0.6673143304391906 0.5 0.0192898825317502 -0.19894336908091442 0.0 21
0.47301703164360653 0.6043940301271823 0.5 0.01961519888539836 -0.1988783248539419 0.0 38
0.5480535796563494 0.7544987281334475 0.5 -0.05573330731978483 -0.1919235661372366 0.0 27
0.44739974266911486 0.7999323146470076 0.5 0.02328919409801549 -0.19852346503480822 0.0 12
0.6330104776286981 0.6671826089304836 0.5 -0.15065141892835437 -0.1313219912486991 0.0 24
0.7564247041363759 0.6967370223490288 0.5 -0.17196644680457912 -0.10167547266089436 0.0 19
0.606510530506902 0.7618136636611534 0.5 -0.08729659362615835 -0.1797983351815291 0.0 32
0.13109556880656462 0.9158844853353493 0.5 0.17371789422405204 -0.09772593585325254 0.0 35
0.22135228201822338 0.8585024213443118 0.5 0.15249827148327988 -0.1282996099446184 0.0 18
0.5694298212228205 0.8057560202868774 0.5 -0.06209579055478447 -0.18996167854208074 0.0 36
0.66796603535523 0.8868452573967938 0.5 -0.07674574255134836 -0.18446727593978873 0.0 25
0.7949290241656571 0.8585898168825548 0.5 -0.10733492474561973 -0.1683350191101105 0.0 29
0.8992725600699906 0.8664801390296633 0.5 -0.11169845187213517 -0.1654002850969713 0.0 37
