Number of particles = 41
A = 1.0 Angstrom (basic length-scale)
H0(1,1) = 10.0 A
H0(1,2) = 0 A
H0(1,3) = 0 A
H0(2,1) = 0 A
H0(2,2) = 10.0 A
H0(2,3) = 0 A
H0(3,1) = 0 A
H0(3,2) = 0 A
H0(3,3) = 2.0 A
entry_count = 7
auxiliary[0] = ID [reduced unit]
10.000000
At
0.6231999999999942 0.6231999999999942 0.5 0 0 0 -1
1.000000
Br
0.5145054013004102 0.39153288643814205 0.5 0.11720761584628141 -0.07297214613020048 0.0 6
0.38544601421023317 0.5781267800850967 0.5 -0.0038125937921851885 0.09033433497995302 0.0 39
0.56327121785997 0.5448542158458451 0.5 0.16962379447852519 -0.036293679958951344 0.0 13
0.5781780803105154 0.5965245568789468 0.5 -0.018839899526189433 0.0634800157161664 0.0 38
0.5261904449711694 0.5819650580833062 0.5 -0.000769954364702119 0.1973804365717375 0.0 33
0.5500113460004992 0.49277629457102085 0.5 0.022837542786706647 -0.1606837044691659 0.0 20
0.5980853384693197 0.5091055254533415 0.5 0.22712300388459367 0.0540401311807172 0.0 7
0.581945516700937 0.4548850582584053 0.5 0.011580145945495071 0.06092136768165904 0.0 11
0.5137457385368761 0.5292877072558148 0.5 -0.14569145538716233 0.0016911213608714198 0.0 9
0.5020868442820327 0.4801878643041187 0.5 0.07921939587353007 0.0997281647310594 0.0 30
0.4774528296157247 0.5637763222767915 0.5 0.027440288177509264 0.09963197544977798 0.0 28
0.5343300742207339 0.4435258194272057 0.5 0.03213802145815803 0.009333674436615147 0.0 10
0.4666631010121807 0.5152394449390716 0.5 0.19789572279072368 -0.06084453424573916 0.0 8
0.44950673409188646 0.466616481813097 0.5 0.1887570193786297 -0.0591439948275213 0.0 4
0.4831724257261475 0.43432943949127845 0.5 -0.1307131948205236 0.22924597827242324 0.0 17
0.4263004395908404 0.5430949128774889 0.5 0.07259072565516425 0.05538347786516723 0.0 34
0.43339940616128114 0.4168367296445686 0.5 0.027093806419473745 0.04397309175685499 0.0 16
0.4360742011474511 0.5930344077492686 0.5 -0.012065976102028354 -0.0845488515191086 0.0 2
0.40383810797438535 0.4986947122738387 0.5 -0.13636913401299652 -0.03383297791129655 0.0 1
0.5679239369526025 0.4063969276488768 0.5 0.03552826836918707 0.05786906654673546 0.0 0
0.6899387320178557 0.5465563209293689 0.5 -0.001336544199997479 -0.027047615419802686 0.0 14
0.6533440989345239 0.5842400846846604 0.5 -0.03142574031900872 0.11897562441886372 0.0 3
0.6453352204479622 0.523192320380877 0.5 0.06971234079006344 0.037735561992279294 0.0 23
0.6302980365348698 0.4695225312967807 0.5 -0.030429911300446928 0.03141385990933247 0.0 26
0.6093326586741478 0.5583064633741526 0.5 -0.0694281068311435 0.01984523532176272 0.0 5
0.39816679778881214 0.6258464647819372 0.5 -0.030559660731509217 -0.08736252150486025 0.0 35
0.5419562338296039 0.6801281968348345 0.5 0.2966756773836509 -0.05162081499775544 0.0 27
0.4929338197184275 0.6610507219409135 0.5 -0.18854980989414044 -0.14390574780410098 0.0 12
0.4991538780518098 0.7112584706680016 0.5 -0.025643209687846447 0.10202592243872381 0.0 36
0.5885106850280797 0.7036873503403016 0.5 0.062329869142173776 0.028463897791860177 0.0 32
0.4504386047951794 0.6912025465213774 0.5 -0.02580979695839543 0.02501869166945575 0.0 15
0.548380544682846 0.7326225673517521 0.5 -0.00910308304011581 -0.15531180198938838 0.0 25
0.5806923331735384 0.6529230131162929 0.5 -0.007866453999756374 0.056768066841822215 0.0 21
0.44985396577837705 0.6435381244332462 0.5 0.09422766934165583 0.1409117215252656 0.0 18
0.5378553922818946 0.6299601645539454 0.5 0.18740009908187036 -0.014918119441696954 0.0 22
0.48747866122409117 0.6126196711692283 0.5 0.08850853113397386 0.05884999047549938 0.0 31
0.6352111235932912 0.7200278615860085 0.5 -0.021083095905174674 0.0526031203280478 0.0 29
0.6784430960320001 0.6824761298479881 0.5 -0.04546983474921188 -0.031181615542848526 0.0 37
0.6725120278812606 0.6338086179411176 0.5 0.04722358795671187 0.06579841198234421 0.0 24
0.6280955262660858 0.6735086025672417 0.5 -0.0003596092250536878 0.08152324292778207 0.0 19
