Number of particles = 41
A = 1.0 Angstrom (basic length-scale)
H0(1,1) = 10.0 A
H0(1,2) = 0 A
H0(1,3) = 0 A
H0(2,1) = 0 A
H0(2,2) = 10.0 A
H0(2,3) = 0 A
H0(3,1) = 0 A
H0(3,2) = 0 A
H0(3,3) = 2.0 A
entry_count = 7
auxiliary[0] = ID [reduced unit]
10.000000
At
0.5132999999999994 0.5132999999999994 0.5 0 0 0 -1
1.000000
Br
0.78092270843431 0.10180163695023106 0.5 -0.14177817387970204 0.14072250246047208 0.0 0
0.15539765948469922 0.23079126255937807 0.5 0.15809130019586215 0.12225978144484154 0.0 16
0.3432038324628176 0.2643128145370199 0.5 0.09925205029961387 0.17347888491290392 0.0 10
0.2708511733876016 0.2564672291717637 0.5 0.13207922466513639 0.14999989713852008 0.0 17
0.3614773847220866 0.339070065468348 0.5 0.12593033635173723 0.15525826841586043 0.0 20
0.2643218429905646 0.32383026095102174 0.5 0.15552543858829682 0.12560068957465279 0.0 30
0.20928512317288123 0.2666905948149677 0.5 0.1526083321917993 0.1291245817618044 0.0 4
0.4385448443477816 0.32031302475831447 0.5 0.042353112054135514 0.19538327049978166 0.0 7
0.6063212237004142 0.3177026861030522 0.5 -0.1313939559246629 0.15066896955649733 0.0 11
0.6388822090755348 0.39381560390500003 0.5 -0.17453746063821246 0.09755231625252792 0.0 23
0.6971187706233839 0.379637356483426 0.5 -0.17712566236254612 0.09277860520588058 0.0 26
0.7564346705788866 0.3840551453887978 0.5 -0.18298983863150892 0.08059557079314403 0.0 3
0.6359886354550873 0.22122073220702587 0.5 -0.12357409024971569 0.1571781319841682 0.0 6
0.1598144303215127 0.44332969789427057 0.5 0.1956517337861312 0.041208350271208116 0.0 1
0.2825755060073558 0.4620934567621976 0.5 0.19669151420978093 0.03538747960613785 0.0 9
0.28483483517369595 0.5793054498861643 0.5 0.1999187745471821 -0.003749286304646442 0.0 28
0.3325145464832786 0.49390184875807625 0.5 0.199960786141893 -1.1006525471412847e-06 0.0 33
0.24107295008413826 0.4077587861550474 0.5 0.1844665349208615 0.07709079592790707 0.0 8
0.4324369802429663 0.5254546350332019 0.5 0.19958504805990218 -0.011542003745432492 0.0 5
0.40469845782234815 0.4805679154884066 0.5 0.1939446184461941 0.04703863901256146 0.0 13
0.4739365271898892 0.5964527034531424 0.5 0.024416773397190242 -0.19838666560468143 0.0 38
0.8375350203402496 0.4523475683794854 0.5 -0.19863144057122062 -0.021862575925016718 0.0 14
0.18674990599945834 0.6508000733688972 0.5 0.19976994683354937 -0.00815512997656319 0.0 34
0.2719681691521025 0.7318695650569403 0.5 0.16412759610142041 -0.11375915574125414 0.0 2
0.3434733158403193 0.6440449611043939 0.5 0.17191923135317 -0.10162780059383816 0.0 31
0.3163513328213003 0.7711772646452598 0.5 0.11517244110663002 -0.1633615033406831 0.0 15
0.21604283019304144 0.7315637023506976 0.5 0.1905110571696071 -0.05927035751472841 0.0 39
0.46390130649945344 0.6593598757989346 0.5 0.021905935413126826 -0.1987253775175653 0.0 21
0.545832499694 0.7468170455058915 0.5 -0.05521348138202603 -0.19215458973799937 0.0 27
0.44830038319356535 0.7919862198471638 0.5 0.02305672835838058 -0.19861003360873225 0.0 12
0.40375363779750745 0.6648901852495823 0.5 0.11217727524057364 -0.16543355852523178 0.0 22
0.5669716030429626 0.7981470973692907 0.5 -0.062179403386312976 -0.19001220939936653 0.0 36
0.6269905724489155 0.6619193786511441 0.5 -0.15106113305981422 -0.13095957525813684 0.0 24
0.7495423089295026 0.6926693967347679 0.5 -0.17173114706373127 -0.10231827666128954 0.0 19
0.6029680729654177 0.754645179695344 0.5 -0.08821008048787612 -0.17940945080565585 0.0 32
0.13806940621831734 0.9119979143383137 0.5 0.1743118506262103 -0.09747787008864534 0.0 35
0.22742453143313007 0.8533202173672183 0.5 0.1515393131558625 -0.13006499897019316 0.0 18
0.6648528509549579 0.8794818508963027 0.5 -0.0795304296365048 -0.1833769946998215 0.0 25
0.7907165139190958 0.8518000090695415 0.5 -0.10529078448305682 -0.1698421221398792 0.0 29
0.8945368839982585 0.8600568658003775 0.5 -0.1217109081082011 -0.15814976988225632 0.0 37
