Number of particles = 41
A = 1.0 Angstrom (basic length-scale)
H0(1,1) = 10.0 A
H0(1,2) = 0 A
H0(1,3) = 0 A
H0(2,1) = 0 A
H0(2,2) = 10.0 A
H0(2,3) = 0 A
H0(3,1) = 0 A
H0(3,2) = 0 A
H0(3,3) = 2.0 A
entry_count = 7
auxiliary[0] = ID [reduced unit]
10.000000
At
0.5146999999999993 0.5146999999999993 0.5 0 0 0 -1
1.000000
Br
0.7752775324387087 0.10745865239678301 0.5 -0.1422544581508562 0.14036231447973319 0.0 0
0.16163153507929 0.23579473863287723 0.5 0.1560006264994952 0.12488993647782348 0.0 16
0.34722932106222054 0.2712218168581368 0.5 0.10208159344652068 0.17188842096781448 0.0 10
0.27623964936323675 0.26237239530108913 0.5 0.13464034780672052 0.14770844474919392 0.0 17
0.3665189184071933 0.34527777096645046 0.5 0.12545427166032713 0.1556895527152739 0.0 20
0.27053672251898725 0.32886414332821184 0.5 0.15503435552909767 0.12628605662137812 0.0 30
0.2154247815459609 0.2718124480476491 0.5 0.15382076712235282 0.1276559352280262 0.0 4
0.44023975879045024 0.3281290765542499 0.5 0.04358230406344751 0.1951403439504703 0.0 7
0.6010826435723621 0.3237451141023563 0.5 -0.129726685351228 0.1521224173323799 0.0 11
0.6318965076112872 0.39771179906964027 0.5 -0.17453216718368625 0.09762055335556571 0.0 23
0.6900379719732328 0.38335792172169525 0.5 -0.17717956223768938 0.0927224849822762 0.0 26
0.749111611208441 0.3872729473555257 0.5 -0.18297628328539356 0.08069130532827437 0.0 3
0.6310969061419184 0.2275485173337728 0.5 -0.12207156250529111 0.15838275992568723 0.0 6
0.1676405507343321 0.44498153628124626 0.5 0.19567042787715266 0.0412637275826408 0.0 1
0.29044869428425185 0.4634897383446813 0.5 0.19668091899220735 0.035853901290533924 0.0 9
0.2928313641583735 0.5791174618551346 0.5 0.1999116308914704 -0.0050724486189410375 0.0 28
0.3405136204088056 0.49390182276506567 0.5 0.19998393800371933 -4.508272833090701e-07 0.0 33
0.24847739095678922 0.4107817222255889 0.5 0.1852100315181296 0.07537426052407939 0.0 8
0.4404135724560505 0.5248850719865251 0.5 0.19927451307181054 -0.0161121272842352 0.0 5
0.4125020032065903 0.48226591926397483 0.5 0.19565187357536334 0.04005976866314899 0.0 13
0.4750389985557798 0.588533684479615 0.5 0.030112973619916432 -0.1975980546888919 0.0 38
0.8295758518625302 0.4516067382193419 0.5 -0.19923382488353347 -0.015336104357053161 0.0 14
0.19473812641509097 0.6504098667292388 0.5 0.19971667314279118 -0.009779813895842378 0.0 34
0.27854821239158056 0.7273457881050507 0.5 0.16192801376597382 -0.11663652964870999 0.0 2
0.3503033629006697 0.6398955564848341 0.5 0.16940895071175793 -0.10595016913556518 0.0 31
0.32089388898148247 0.7645991672957269 0.5 0.11188662793669338 -0.1656202331231717 0.0 15
0.22359461705715783 0.7289759313917374 0.5 0.18757169970224852 -0.06829228293876517 0.0 39
0.4647929475493101 0.6514116595003148 0.5 0.02336540172459297 -0.19858808469039885 0.0 21
0.5436058631639735 0.7391351213373424 0.5 -0.05667021142331187 -0.1917608607197766 0.0 27
0.4492813254984833 0.7840486051039075 0.5 0.024457230856609377 -0.19845936040944728 0.0 12
0.40830850234967714 0.6583187984838552 0.5 0.11360636746527236 -0.16445269377963756 0.0 22
0.5645270742399074 0.7905320517757599 0.5 -0.06165422872819956 -0.19021447363004523 0.0 36
0.5994014310578073 0.7474868881776044 0.5 -0.08904042582253988 -0.1790212979320157 0.0 32
0.6209215293689493 0.6567113858489934 0.5 -0.15111478816877427 -0.1309202717048405 0.0 24
0.7426060865176155 0.688692779621023 0.5 -0.17324853286202352 -0.09971021095688998 0.0 19
0.14505230607384517 0.9081212866359964 0.5 0.17456780312965492 -0.09671704911369977 0.0 35
0.23351170305714003 0.8481473230449357 0.5 0.15184708298327748 -0.12957991343796282 0.0 18
0.6617480048844216 0.8721131833707478 0.5 -0.07798297657257247 -0.18409080694909086 0.0 25
0.7863707378936053 0.8450945402112977 0.5 -0.1096149747013963 -0.16704426310291465 0.0 29
0.8897138029677428 0.8536936965112603 0.5 -0.11836936110412455 -0.16081936415807885 0.0 37
