Number of particles = 41
A = 1.0 Angstrom (basic length-scale)
H0(1,1) = 10.0 A
H0(1,2) = 0 A
H0(1,3) = 0 A
H0(2,1) = 0 A
H0(2,2) = 10.0 A
H0(2,3) = 0 A
H0(3,1) = 0 A
H0(3,2) = 0 A
H0(3,3) = 2.0 A
entry_count = 7
auxiliary[0] = ID [reduced unit]
10.000000
At
0.5160999999999992 0.5160999999999992 0.5 0 0 0 -1
1.000000
Br
0.769599050793957 0.11308359085578908 0.5 -0.13968640528374937 0.14283046009839268 0.0 0
0.1679276100361935 0.2407226562596394 0.5 0.15769251104076798 0.12288129205434506 0.0 16
0.3512126831130263 0.2781549158563196 0.5 0.10016936836017362 0.17299921693972053 0.0 10
0.2815789607339561 0.26832409943191987 0.5 0.13424296340483954 0.1481030725422679 0.0 17
0.37155423652635833 0.3514922445391385 0.5 0.12690546935316133 0.15451862326059052 0.0 20
0.27678439360655316 0.3338567958201573 0.5 0.15585634629763712 0.1252618502359031 0.0 30
0.22150769113944668 0.27700278406347234 0.5 0.1510515738330972 0.13096641229101819 0.0 4
0.4418932869640667 0.3359539520642163 0.5 0.04023174767368651 0.1958606204793416 0.0 7
0.5959317405397292 0.3298635960664147 0.5 -0.12864249359149998 0.15309064188299515 0.0 11
0.6829464027471623 0.3870587211908803 0.5 -0.17704309638313986 0.09300008308436655 0.0 26
0.7417920795540136 0.3905003725377824 0.5 -0.18304231094879125 0.08057242027821437 0.0 3
0.6262192505212533 0.23388799764282933 0.5 -0.12116803071325732 0.159077689774613 0.0 6
0.17546434265285946 0.44664772844970513 0.5 0.1956453477980325 0.04143607455048516 0.0 1
0.2983210871450954 0.4648998864678765 0.5 0.1966482981699711 0.03619247332352213 0.0 9
0.30082693700504426 0.5788765099283906 0.5 0.1998534587067498 -0.00707285990872308 0.0 28
0.3485132410887014 0.49390181211832856 0.5 0.19999342100632345 -1.8465885524339512e-07 0.0 33
0.25590454528048173 0.41374969776297255 0.5 0.18602262707343065 0.07335183816062019 0.0 8
0.44912278916119064 0.5252404027744382 0.5 0.2734395276933878 0.0883414151702469 0.0 5
0.41958362169516983 0.4827947112864077 0.5 0.12086827172001313 -0.06708605391948673 0.0 13
0.47632695591998403 0.5806420504504456 0.5 0.03436658921078222 -0.19692419035358522 0.0 38
0.6249257858634536 0.4016359614314492 0.5 -0.1742506329301774 0.09814260724826601 0.0 23
0.8216002792862781 0.4510547864504768 0.5 -0.19954183511083295 -0.011385189824613229 0.0 14
0.28498750220002783 0.722621840554967 0.5 0.16157838781653355 -0.11745219474412383 0.0 2
0.356985266696708 0.6355102517198117 0.5 0.16540413060728804 -0.11210850424222193 0.0 31
0.3254836023060508 0.7580538256764118 0.5 0.11467857830503636 -0.1636695964069289 0.0 15
0.23097244261331618 0.7259351652730897 0.5 0.1822125314022341 -0.08114718690788034 0.0 39
0.20272338996416917 0.6499514768001574 0.5 0.19961621341840835 -0.011806293434487282 0.0 34
0.4657795139886674 0.6434742410476603 0.5 0.02525729487085617 -0.19836809905248076 0.0 21
0.5413425671076512 0.7314631665304165 0.5 -0.05736315146642018 -0.19157023174707905 0.0 27
0.45029080472227223 0.7761146321653192 0.5 0.023961695371137556 -0.1984617390388158 0.0 12
0.41284422568487444 0.6517327531865983 0.5 0.11413413662726435 -0.16415925931192832 0.0 22
0.5620450829537965 0.7829284942291669 0.5 -0.06202858923413475 -0.1901057050959491 0.0 36
0.5958584677615151 0.7403160681021951 0.5 -0.0892429795388911 -0.17894656666807934 0.0 32
0.6148636661563189 0.6514889114298725 0.5 -0.15208315858143362 -0.12983196929509394 0.0 24
0.7357109029657474 0.6846448080325784 0.5 -0.17292324675773357 -0.10029052967425378 0.0 19
0.1519306154698961 0.9040661252761885 0.5 0.17168939283146234 -0.10196057395066893 0.0 35
0.23945460343729966 0.8428106652036472 0.5 0.14728413978635546 -0.1349468895182191 0.0 18
0.6585687086183363 0.8647756566662117 0.5 -0.0791211851047452 -0.18360321349531122 0.0 25
0.7819068817335157 0.8384626649123682 0.5 -0.11316895083373688 -0.1647544666682661 0.0 29
0.8847006906397835 0.8474867925672761 0.5 -0.126148285273612 -0.15456916126465448 0.0 37
