Number of particles = 41
A = 1.0 Angstrom (basic length-scale)
H0(1,1) = 10.0 A
H0(1,2) = 0 A
H0(1,3) = 0 A
H0(2,1) = 0 A
H0(2,2) = 10.0 A
H0(2,3) = 0 A
H0(3,1) = 0 A
H0(3,2) = 0 A
H0(3,3) = 2.0 A
entry_count = 7
auxiliary[0] = ID [reduced unit]
10.000000
At
0.5174999999999992 0.5174999999999992 0.5 0 0 0 -1
1.000000
Br
0.7639445364303681 0.11873434604887415 0.5 -0.1424254430760865 0.14024434205963415 0.0 0
0.17414007115289512 0.24575294680475251 0.5 0.15580494512026 0.1251780839980733 0.0 16
0.3552908849410615 0.2850321816202819 0.5 0.10117343101195556 0.17240576148888676 0.0 10
0.2869979196947182 0.27420317860742893 0.5 0.13459241801661592 0.14780014503537714 0.0 17
0.3766077576506993 0.3576924226741094 0.5 0.12634274568131998 0.15501244206687748 0.0 20
0.28299246574069126 0.3388997179481861 0.5 0.15571421434616106 0.12541181282040156 0.0 30
0.22763230839070422 0.28214317388979027 0.5 0.15287827955460376 0.12879636149066687 0.0 4
0.44356737394099505 0.3437749184359983 0.5 0.04232853429979397 0.19542423379259488 0.0 7
0.5908276827546927 0.3360215717931905 0.5 -0.1266000123835928 0.1547784235583412 0.0 11
0.6758501463070672 0.3907510701388062 0.5 -0.1773406530712282 0.0924394166920316 0.0 26
0.7344738736454478 0.3937315157309396 0.5 -0.1828852955350228 0.08094032655282002 0.0 3
0.6213753032752829 0.24025379221652104 0.5 -0.12142534509984626 0.15890170918514218 0.0 6
0.1832860403932983 0.4483251537966405 0.5 0.1955491302878471 0.04190687395276563 0.0 1
0.30617998446303774 0.4663865936320343 0.5 0.19639505617657493 0.03761908781393815 0.0 9
0.3088204949074983 0.5785732135596702 0.5 0.1997966770303704 -0.008571815113749997 0.0 28
0.3565130857191867 0.493901807757425 0.5 0.19999730524419007 -7.563626710769463e-08 0.0 33
0.26332776951683695 0.4167284677529771 0.5 0.1855775376888646 0.07446771826756937 0.0 8
0.4587951007814429 0.52669850722656 0.5 0.22738630993621703 0.011444435743195404 0.0 5
0.42562491268317404 0.4819716342937723 0.5 0.16430075505843145 0.0001498271558868381 0.0 13
0.4778195620104723 0.5727865200170499 0.5 0.038925877707994085 -0.19608600469207066 0.0 38
0.6179694399838549 0.40558602883840533 0.5 -0.1738610161535657 0.09883782822375062 0.0 23
0.8136125836056717 0.45072240339828024 0.5 -0.1997683062729695 -0.006893168036415889 0.0 14
0.29141316324441063 0.7178708989084266 0.5 0.1581713516247193 -0.12184197817510939 0.0 2
0.3635542689110446 0.6309553843834657 0.5 0.16466940046135087 -0.11328318490255551 0.0 31
0.3300410074256641 0.7514837281927668 0.5 0.11439125695914329 -0.16396776473210134 0.0 15
0.23831535132430068 0.7227989127100539 0.5 0.18332026061000523 -0.07925012353246169 0.0 39
0.21070369171179942 0.6494106475208566 0.5 0.19939741346201134 -0.01501058975821518 0.0 34
0.4668662728256397 0.6355498663680168 0.5 0.027622508879256803 -0.19805379531861245 0.0 21
0.5390336794181494 0.7238049890565723 0.5 -0.05645279261052791 -0.19181928730400521 0.0 27
0.45114875856573844 0.7681641766072493 0.5 0.021125880045962372 -0.1988198792151451 0.0 12
0.4174669044725232 0.6452076911579334 0.5 0.11491942704880675 -0.16358949990084798 0.0 22
0.5595179418658064 0.7753395392708358 0.5 -0.0629904474237086 -0.18979164144231048 0.0 36
0.5922742350211602 0.733165727768506 0.5 -0.08937928958102556 -0.17888264627179 0.0 32
0.608773298970737 0.646304050813158 0.5 -0.15150618593021764 -0.13049642325379412 0.0 24
0.7287857966994215 0.6806442702913458 0.5 -0.17296556657243767 -0.1003277053880155 0.0 19
0.15882088682340872 0.9000163987027806 0.5 0.17215451947033195 -0.10153034246440054 0.0 35
0.2454168161272879 0.8374979814694902 0.5 0.14847477514284985 -0.13327791692520868 0.0 18
0.6553342237433123 0.8574619826382432 0.5 -0.08072484897095136 -0.18288900840786626 0.0 25
0.7774403186619184 0.8318342332892856 0.5 -0.11379833798919028 -0.1642288534174085 0.0 29
0.8797309719706782 0.8412336927945535 0.5 -0.12376901154486103 -0.1568214098550645 0.0 37
