Number of particles = 41
A = 1.0 Angstrom (basic length-scale)
H0(1,1) = 10.0 A
H0(1,2) = 0 A
H0(1,3) = 0 A
H0(2,1) = 0 A
H0(2,2) = 10.0 A
H0(2,3) = 0 A
H0(3,1) = 0 A
H0(3,2) = 0 A
H0(3,3) = 2.0 A
entry_count = 7
auxiliary[0] = ID [reduced unit]
10.000000
At
0.5181999999999991 0.5181999999999991 0.5 0 0 0 -1
1.000000
Br
0.7611043181961676 0.12154673518667736 0.5 -0.14088496579678372 0.14170182159471006 0.0 0
0.17726297048621542 0.24824920099456005 0.5 0.15618571350672716 0.1247796780091026 0.0 16
0.35731653216166714 0.2884796465299586 0.5 0.10146238395876606 0.17227583313535821 0.0 10
0.2896745774306614 0.27717350819944786 0.5 0.13363967205150823 0.1487002628551426 0.0 17
0.37914114992831743 0.3607874571169339 0.5 0.1268025397044591 0.15464447968458134 0.0 20
0.2861171727218927 0.3413950286460997 0.5 0.1560205286352479 0.12504086247022422 0.0 30
0.23066205464277978 0.28475170813916156 0.5 0.15104692193206676 0.13093968111965182 0.0 4
0.4444255270354011 0.3476810519387445 0.5 0.043289225832407074 0.1952233817853113 0.0 7
0.588302798041495 0.3391231998914494 0.5 -0.1261160432190785 0.1551892984076606 0.0 11
0.6723030836783771 0.39259948599486305 0.5 -0.1774469611037086 0.09224130266213301 0.0 26
0.7308160285528904 0.3953500635400812 0.5 -0.1829022452894178 0.0809055916476134 0.0 3
0.6189792291725443 0.24345579768678882 0.5 -0.11941413422068262 0.16039035693238507 0.0 6
0.1871974465505117 0.4491615813706278 0.5 0.19556040754132664 0.041871681020367535 0.0 1
0.31010183131145486 0.4671692701400124 0.5 0.19597384848810318 0.03971086762342102 0.0 9
0.3128151059237324 0.5783774392229789 0.5 0.1997381723068528 -0.009696751144664699 0.0 28
0.3605130469147031 0.49390180666826283 0.5 0.19999827535628162 -4.840721094892455e-08 0.0 33
0.2670410841846329 0.41821394010306134 0.5 0.1856281565496148 0.07437555983170155 0.0 8
0.46181639865150714 0.5232768099555046 0.5 0.13032037337308636 -0.22266864519223709 0.0 5
0.42907311212310073 0.48226202996542733 0.5 0.17470157362283312 0.01872017293193738 0.0 13
0.4800007436921865 0.5721698789355675 0.5 0.12836539672996622 0.016333987863281538 0.0 38
0.6144920460040298 0.40756257283595315 0.5 -0.17384369218779988 0.09887423536608736 0.0 23
0.809616177368197 0.45064647616758674 0.5 -0.1998318080633455 -0.0027610876980779728 0.0 14
0.29457622039343734 0.7154304605404495 0.5 0.15810366606597392 -0.12212992279858004 0.0 2
0.36684003532675274 0.6286781410114541 0.5 0.16374914217493375 -0.11462734126198246 0.0 31
0.3323634238636367 0.7482302608233506 0.5 0.11559322601375771 -0.16305643533506953 0.0 15
0.24198283671733592 0.7212190678929136 0.5 0.1841523941776409 -0.07702531349299593 0.0 39
0.2146920951779708 0.649113794630847 0.5 0.19941839363073244 -0.014907530263842159 0.0 34
0.4687390915374435 0.6313256215133592 0.5 0.15891246720159258 -0.2244761391522745 0.0 21
0.5379280081855567 0.7199617390399224 0.5 -0.0550721581623089 -0.19222717727910438 0.0 27
0.4515382980458993 0.7641844396470121 0.5 0.019155641063545253 -0.1990228827929077 0.0 12
0.4184826164152079 0.6422109432796238 0.5 -0.013585906895109023 -0.1362338891660793 0.0 22
0.5582845947973747 0.7715351400550183 0.5 -0.06145280379730998 -0.19029224685562873 0.0 36
0.5904601894941743 0.7296015842151173 0.5 -0.09129366315755522 -0.17789972954381622 0.0 32
0.6057410609774788 0.6436962314637349 0.5 -0.151681948440072 -0.13031427069306667 0.0 24
0.7253096541462318 0.6786678304975958 0.5 -0.1737384265307681 -0.09895600830379866 0.0 19
0.16224973990385017 0.8979610119378048 0.5 0.17105837997550827 -0.10341071743313676 0.0 35
0.24832384333448196 0.8347645026417696 0.5 0.14450979464046565 -0.1375961561311448 0.0 18
0.6537309177931687 0.8537988360153221 0.5 -0.08021374474537005 -0.1831442293390117 0.0 25
0.7751094720974376 0.8285888247519029 0.5 -0.11742973268072704 -0.16162936962952423 0.0 29
0.8771734156641109 0.8381698013027525 0.5 -0.1277815119092799 -0.15333887830974374 0.0 37
