Number of particles = 41
A = 1.0 Angstrom (basic length-scale)
H0(1,1) = 10.0 A
H0(1,2) = 0 A
H0(1,3) = 0 A
H0(2,1) = 0 A
H0(2,2) = 10.0 A
H0(2,3) = 0 A
H0(3,1) = 0 A
H0(3,2) = 0 A
H0(3,3) = 2.0 A
entry_count = 7
auxiliary[0] = ID [reduced unit]
10.000000
At
0.5202999999999991 0.5202999999999991 0.5 0 0 0 -1
1.000000
Br
0.7526579973114466 0.13005872870893184 0.5 -0.1424571606587381 0.14024414245195965 0.0 0
0.1866307430155026 0.2557443220747902 0.5 0.1560234858124584 0.1250828521036991 0.0 16
0.3633374188650024 0.2988536465668414 0.5 0.10137358535626803 0.17231247896087748 0.0 10
0.2977086731693118 0.2860818810750868 0.5 0.13343411415081136 0.14892311278576298 0.0 17
0.3867138484495042 0.37009441660194203 0.5 0.12701209057268642 0.15447072084516683 0.0 20
0.2954528045988412 0.34892933956750505 0.5 0.1565829752055677 0.12434297889469889 0.0 30
0.23984995516428015 0.29246227115908324 0.5 0.152469035655041 0.12929356285599203 0.0 4
0.44719859232651415 0.35935314837110377 0.5 0.04821634563716716 0.19404912406203823 0.0 7
0.580847991799095 0.34852392374673147 0.5 -0.12340871894237455 0.1573549636222893 0.0 11
0.6616354757586108 0.39809318402010463 0.5 -0.17800371576248247 0.09115117482409968 0.0 26
0.6118335361577557 0.2530944255463453 0.5 -0.1185865607144462 0.16101067805211555 0.0 6
0.19896002870901924 0.4515078511393639 0.5 0.19661513916213563 0.03612641880827469 0.0 1
0.3218445823919256 0.46962909446209267 0.5 0.19519090376221693 0.043393723924499736 0.0 9
0.32479174205918865 0.5776592527069003 0.5 0.19952536972096224 -0.013408537923624295 0.0 28
0.3725129960131545 0.4939018052395607 0.5 0.19999954789499708 -1.2689659906994873e-08 0.0 33
0.2781777681692192 0.4226773191524334 0.5 0.18604489921248557 0.07331592425034175 0.0 8
0.47280109672079684 0.5185052899227224 0.5 0.06964053145927945 -0.04023704077846902 0.0 5
0.43735460058006986 0.4812719463869052 0.5 0.14007133181259204 -0.009855987576289275 0.0 13
0.4842216434195821 0.5665706204742265 0.5 0.04296700276243143 -0.14297657259301422 0.0 38
0.6040872098812227 0.41354019376957796 0.5 -0.17317993325881903 0.10003575619060376 0.0 23
0.7976233528282135 0.4506600050339034 0.5 -0.1998866446980358 0.002908354363358975 0.0 14
0.7198532275124971 0.40023005167057535 0.5 -0.18267223540622068 0.08142740655609318 0.0 3
0.30191442791899636 0.7048028527614907 0.5 0.24416563682731746 -0.1897615912291374 0.0 2
0.3734528479552458 0.6208865014541551 0.5 0.08097390970255959 -0.136517438784493 0.0 31
0.3426742170693754 0.7413733339782889 0.5 0.15740398884818446 -0.12694202868406534 0.0 15
0.2515970297830192 0.7166124598832686 0.5 0.04893601789733487 -0.05925362539531062 0.0 39
0.2266490898364558 0.6481167224501653 0.5 0.19923381578383487 -0.017273755919389032 0.0 34
0.4739818908648135 0.6186367869560669 0.5 0.054120516566067534 -0.20580030199913724 0.0 21
0.5347169460938282 0.7084015804470125 0.5 -0.054441423595947655 -0.19241926858390185 0.0 27
0.45269252278746236 0.752242177646204 0.5 0.019023472529523716 -0.19906938169333988 0.0 12
0.424880126919135 0.6341392603969023 0.5 0.1658547088231912 -0.13320089365937576 0.0 22
0.5546694641286192 0.7600946787228368 0.5 -0.06074853454021918 -0.19052163099531766 0.0 36
0.5850648383578143 0.7188858435692881 0.5 -0.09138559674987731 -0.17784755846987527 0.0 32
0.5966369849238936 0.6358810303681915 0.5 -0.1510241717990825 -0.13107856486534508 0.0 24
0.7149256767285909 0.6726589944867055 0.5 -0.17349916741459032 -0.09939141477516297 0.0 19
0.17237233654627188 0.8915306611787764 0.5 0.1686275917702667 -0.10724168581313898 0.0 35
0.256953190049747 0.8264662007127038 0.5 0.14125288392761087 -0.14077754227835548 0.0 18
0.6488141240506122 0.8428566901619666 0.5 -0.08202814940237774 -0.18234125272291135 0.0 25
0.7681715102028089 0.818810130419139 0.5 -0.1182585064982144 -0.1610059333294313 0.0 29
0.8694724085384079 0.8289823885823852 0.5 -0.12917282146049752 -0.15254670323917685 0.0 37
