Number of particles = 41
A = 1.0 Angstrom (basic length-scale)
H0(1,1) = 10.0 A
H0(1,2) = 0 A
H0(1,3) = 0 A
H0(2,1) = 0 A
H0(2,2) = 10.0 A
H0(2,3) = 0 A
H0(3,1) = 0 A
H0(3,2) = 0 A
H0(3,3) = 2.0 A
entry_count = 7
auxiliary[0] = ID [reduced unit]
10.000000
At
0.522399999999999 0.522399999999999 0.5 0 0 0 -1
1.000000
Br
0.74426474812615 0.1386232029351035 0.5 -0.14106646132646472 0.14163997889628488 0.0 0
0.19596741736545714 0.2632779244278571 0.5 0.155569402294002 0.12559429283452103 0.0 16
0.36940174080221994 0.30920331125923123 0.5 0.10127747132543552 0.17240318520231063 0.0 10
0.3057564751848338 0.29497928934148654 0.5 0.1341544918051737 0.1482798828160627 0.0 17
0.3942671525428324 0.37941674729433605 0.5 0.1268603426792162 0.1545813982517723 0.0 20
0.3048261449133471 0.3564174067709478 0.5 0.1567400735316951 0.12416317120986635 0.0 30
0.24899828451958075 0.3002207272349918 0.5 0.15294718168204097 0.1287982729759098 0.0 4
0.4502630289836513 0.3709512952148685 0.5 0.0539011278812723 0.1925228654778382 0.0 7
0.5735652023401412 0.35805798575732345 0.5 -0.12033411193458585 0.15971112970327772 0.0 11
0.6047888504295363 0.26280705745873606 0.5 -0.11648513918769318 0.16253581261157962 0.0 6
0.3336514784930954 0.4715474810068083 0.5 0.19787318403612703 0.024147474938390038 0.0 9
0.33675411673542005 0.5767284199582917 0.5 0.1992866891555079 -0.01666072591583738 0.0 28
0.384512982669619 0.49390180486503504 0.5 0.1999998814833861 -3.326518206659263e-09 0.0 33
0.28935597769356064 0.4270368020809851 0.5 0.18610067473100234 0.0731880071086872 0.0 8
0.21077183351381673 0.4536001462515734 0.5 0.19678439167708506 0.03540278111820307 0.0 1
0.47193660204226673 0.5132170859203182 0.5 0.09357027511615974 -0.06373066703185588 0.0 5
0.4395793557716452 0.47459054946991175 0.5 -0.01721401660083572 -0.16451965719320957 0.0 13
0.4900297622546703 0.5615971067017546 0.5 0.14209665683607228 -0.16639925737503403 0.0 38
0.5937280181438601 0.4195965270294841 0.5 -0.1724731751126154 0.10124911115153643 0.0 23
0.7856344989739947 0.4510496833574674 0.5 -0.19975846385941987 0.008595405398894848 0.0 14
0.708896731728498 0.40512421498141765 0.5 -0.18249368317913395 0.08182649093743996 0.0 3
0.6509530451383443 0.40355792320589645 0.5 -0.17836957216972915 0.09043606555970685 0.0 26
0.3139167770008407 0.6954455669714723 0.5 0.17909739926408946 -0.14193835453589265 0.0 2
0.3808440305317213 0.6133713165432187 0.5 0.14188217275859072 -0.12074035078204831 0.0 31
0.35083423870272384 0.7326506245069707 0.5 0.12436823144457398 -0.1551337100310336 0.0 15
0.25855198033963395 0.712255674215994 0.5 0.14545516064776762 -0.08020013075476343 0.0 39
0.23859336125177805 0.6469771062054219 0.5 0.1989698424620886 -0.0200436397976715 0.0 34
0.47853543349926186 0.6103481111131982 0.5 0.04329156849654667 -0.009742994726221615 0.0 21
0.5301634908533097 0.6965803362850073 0.5 -0.18070466044764633 -0.22069451100113946 0.0 27
0.45388735177024647 0.7403031048431428 0.5 0.020464876861402664 -0.19893234874239107 0.0 12
0.429813380705924 0.6265559331284868 0.5 0.06754403055169816 -0.1329068483063111 0.0 22
0.5502150145144415 0.7497234504677357 0.5 -0.13722634581476537 -0.08594843498387006 0.0 36
0.5815815571776397 0.7074575851568198 0.5 0.106811506485885 -0.25266488618785 0.0 32
0.5875548822056506 0.6280394926619144 0.5 -0.1511591002667264 -0.13092240982991166 0.0 24
0.704495574518978 0.6667281291717495 0.5 -0.17390739415383272 -0.09874259816589331 0.0 19
0.18238502269357565 0.8849550910264391 0.5 0.16449251323053188 -0.11312369304109735 0.0 35
0.2653298272213569 0.8179144043904047 0.5 0.13926033763487383 -0.14273249105052455 0.0 18
0.6438269205838905 0.8319463911576269 0.5 -0.08319454554769068 -0.18182204110223849 0.0 25
0.7610470177367399 0.8091632967032089 0.5 -0.12034928098426112 -0.15963300445934225 0.0 29
0.8615449457030866 0.8199810586889933 0.5 -0.13378630393553975 -0.14858033613051647 0.0 37
