Number of particles = 41
A = 1.0 Angstrom (basic length-scale)
H0(1,1) = 10.0 A
H0(1,2) = 0 A
H0(1,3) = 0 A
H0(2,1) = 0 A
H0(2,2) = 10.0 A
H0(2,3) = 0 A
H0(3,1) = 0 A
H0(3,2) = 0 A
H0(3,3) = 2.0 A
entry_count = 7
auxiliary[0] = ID [reduced unit]
10.000000
At
0.5230999999999989 0.5230999999999989 0.5 0 0 0 -1
1.000000
Br
0.7414504091675749 0.1414621602096936 0.5 -0.13967515390509588 0.14293473273004204 0.0 0
0.19906345500960465 0.2658089305126109 0.5 0.1545300756560275 0.12688555924423264 0.0 16
0.3714373445935756 0.3126454428686753 0.5 0.10139127969210196 0.1723377161875599 0.0 10
0.3084381842815011 0.29794642855239145 0.5 0.13408461614172473 0.14836195030058946 0.0 17
0.396808941372509 0.3825045647412801 0.5 0.126744482840089 0.15467326051910424 0.0 20
0.3079579991924336 0.35890472393572137 0.5 0.15648638465870407 0.1245039379170574 0.0 30
0.25203670135184064 0.3028199900175935 0.5 0.15222462811168075 0.12961326345992286 0.0 4
0.45127575829687894 0.37481832048929264 0.5 0.04994105945044432 0.19353605457537215 0.0 7
0.5711534616563136 0.36124858287052486 0.5 -0.12071543505076313 0.15943521244567516 0.0 11
0.6024777839480912 0.26607106542985876 0.5 -0.11536004556434604 0.1633401255004881 0.0 6
0.3376146166626354 0.4720116617845787 0.5 0.1981823725388281 0.023447670331800705 0.0 9
0.34073761995969576 0.5763706792799421 0.5 0.1991298663096166 -0.018362841030380314 0.0 28
0.38851298096297976 0.4939018048171332 0.5 0.19999992414936713 -2.1289716522619283e-09 0.0 33
0.2930723878974343 0.42851430707679344 0.5 0.18596395846205782 0.07351519718635485 0.0 8
0.21471279055473272 0.45427829301703315 0.5 0.19710074404125433 0.03362583885939843 0.0 1
0.4743901157600353 0.5121235489688185 0.5 0.1309692517968459 -0.052228859104825026 0.0 5
0.44033585565599703 0.47271704513166746 0.5 0.05349883891144537 -0.07332970356851315 0.0 13
0.49110742513035843 0.559191440481628 0.5 -0.00584189702433674 -0.06744727571725412 0.0 38
0.5902845813431293 0.4216316785653171 0.5 -0.17202276518135728 0.1020072987593588 0.0 23
0.7816406371495795 0.4512505559450875 0.5 -0.19966945251455998 0.010528559429066657 0.0 14
0.7052464249389103 0.40675978158000614 0.5 -0.18248463597610082 0.08184685470502748 0.0 3
0.6473859785679601 0.4053674179234723 0.5 -0.17827129850842038 0.09063749837247323 0.0 26
0.317367346098591 0.6926982590896784 0.5 0.1706092849728344 -0.13611121111805918 0.0 2
0.3826231489452892 0.6107074743801203 0.5 0.030608614937331524 -0.14839731574249754 0.0 31
0.3533032155191255 0.7295253102275433 0.5 0.12332189969953958 -0.15648551843917913 0.0 15
0.26165658021475224 0.7106216260066025 0.5 0.15876760667809667 -0.08048532741168629 0.0 39
0.24257046905037843 0.6465561135234364 0.5 0.19888723848237733 -0.02076695719716 0.0 34
0.4792688010876205 0.6090935352557422 0.5 0.03407762779075084 -0.07793157537493443 0.0 21
0.5272628278973264 0.6923233154749063 0.5 -0.1340262865509727 -0.21082813381502125 0.0 27
0.4543082774087462 0.7363257698995482 0.5 0.02072154212540262 -0.19890123593286224 0.0 12
0.4326393004623094 0.6240507214393033 0.5 0.20529760736783786 -0.11165322077180029 0.0 22
0.5479201681965186 0.7474123182057654 0.5 -0.10779031876087244 -0.12416973289819125 0.0 36
0.5825872837144278 0.7028339417069696 0.5 0.03377536427875874 -0.2248473256564703 0.0 32
0.5845441849142893 0.6254066639789564 0.5 -0.1504084501472674 -0.1317888326247006 0.0 24
0.7010237958838152 0.6647420453656665 0.5 -0.1734566637312313 -0.09953529969522079 0.0 19
0.18568859293776047 0.8827093504653529 0.5 0.16532601928144425 -0.11212134486649275 0.0 35
0.2680506579701628 0.8149973955380989 0.5 0.13522618922169521 -0.14665443258562916 0.0 18
0.6421283122621207 0.8283262909584808 0.5 -0.08561617987348347 -0.1806762297490362 0.0 25
0.7586698287401713 0.8059494222707511 0.5 -0.11938518886633459 -0.16031026588605302 0.0 29
0.8589487123188861 0.8169437942862674 0.5 -0.1287394173228531 -0.15275384302575223 0.0 37
