Number of particles = 41
A = 1.0 Angstrom (basic length-scale)
H0(1,1) = 10.0 A
H0(1,2) = 0 A
H0(1,3) = 0 A
H0(2,1) = 0 A
H0(2,2) = 10.0 A
H0(2,3) = 0 A
H0(3,1) = 0 A
H0(3,2) = 0 A
H0(3,3) = 2.0 A
entry_count = 7
auxiliary[0] = ID [reduced unit]
10.000000
At
0.5258999999999988 0.5258999999999988 0.5 0 0 0 -1
1.000000
Br
0.7303725607835785 0.15299078401233743 0.5 -0.13726078558326038 0.14524819206725098 0.0 0
0.3796188690599053 0.326391263374853 0.5 0.10180793824126508 0.17209759033865085 0.0 10
0.3191805488314107 0.3098028134216225 0.5 0.13457894368007017 0.1479409180950353 0.0 17
0.32043721910927225 0.3689150108656122 0.5 0.15570001155558366 0.12550565053022858 0.0 30
0.2642342504567042 0.31317061569215243 0.5 0.1524046043322556 0.12948489192733448 0.0 4
0.21147094926035623 0.27589855225462057 0.5 0.15319616086406057 0.12842022786268528 0.0 16
0.4566634621526277 0.39015739264245713 0.5 0.1877838816625156 0.1791164368533007 0.0 7
0.5617261918868829 0.374172789278231 0.5 -0.11620584714891855 0.162740235563531 0.0 11
0.40559326413514174 0.3950223675083898 0.5 -0.008085309281557068 0.16844611178358493 0.0 20
0.5933519796343465 0.27921005270230276 0.5 -0.11285871556801874 0.16508564232067535 0.0 6
0.3534280136325783 0.47429903604658524 0.5 0.19718002706852367 0.032432812642474856 0.0 9
0.35097478166650614 0.570127748532905 0.5 0.06336890409490153 -0.1322065927999702 0.0 28
0.30796992438565024 0.43434345190523116 0.5 0.18670010930692837 0.07163730087450296 0.0 8
0.2304653723354264 0.4570613921153678 0.5 0.1966132419843537 0.036414930592251676 0.0 1
0.48005919838628336 0.5036081152121735 0.5 -0.056894377550744446 -0.1822945604816136 0.0 5
0.4468862341273877 0.4675248946172754 0.5 0.1449847754261221 -0.0833445116659324 0.0 13
0.48184814480040733 0.5567270108706059 0.5 -0.08317976628838993 -0.01301966854213045 0.0 38
0.5765760381255646 0.42988137644326835 0.5 -0.17101026017692306 0.10369993174278799 0.0 23
0.4025015574646689 0.49502131993266507 0.5 0.11060349957168636 0.04975623014963901 0.0 33
0.7656823461095618 0.45235415975845095 0.5 -0.19931605095908 0.016167676185354526 0.0 14
0.6906558007110759 0.4133254870685087 0.5 -0.18225646008981222 0.08234934246433573 0.0 3
0.6330879019469584 0.4125469869096422 0.5 -0.1789734086572471 0.08925606734739114 0.0 26
0.327368929559673 0.6792369825935552 0.5 0.12274366349410587 -0.16406067118257883 0.0 2
0.3900421690565333 0.6031749782285681 0.5 0.12917491190523564 -0.04997313236735808 0.0 31
0.3656089742409294 0.7196711816788565 0.5 0.15270740774915734 -0.12460848993262705 0.0 15
0.275086366817948 0.7034107108339805 0.5 0.17165845716884365 -0.0946095086692364 0.0 39
0.2584631293978756 0.644730762938271 0.5 0.19842413205191534 -0.024771883740028977 0.0 34
0.48968744644631845 0.6063584380085032 0.5 0.2122827297306895 -0.13795503977718857 0.0 21
0.5205349268054558 0.6762424040767578 0.5 -0.0635339141201832 -0.1966656499982804 0.0 27
0.45606002529076983 0.7204235352651357 0.5 0.023036672069706783 -0.19865118946475213 0.0 12
0.4405168559701642 0.6180399620175939 0.5 0.05411219623110225 -0.05730331678448133 0.0 22
0.541714969144327 0.7343112725718577 0.5 -0.06503512948868725 -0.18050933294577048 0.0 36
0.5788496060175949 0.6873750535884804 0.5 -0.08110384145754009 -0.1796569330971109 0.0 32
0.5725147831838743 0.6148595201612043 0.5 -0.14943267266734117 -0.13289186423988092 0.0 24
0.6871207976493025 0.656828966371759 0.5 -0.17341026683790894 -0.0995556405165961 0.0 19
0.7489259590248974 0.7932708032909146 0.5 -0.12064976564562513 -0.15940157637759056 0.0 29
0.1987559284245031 0.8735002425148934 0.5 0.16043202196158862 -0.11921159265823239 0.0 35
0.27881223284731776 0.8032107053708488 0.5 0.13119491219962948 -0.1504204732966905 0.0 18
0.635361212967815 0.8138331591381112 0.5 -0.08443455719840343 -0.18125004505483905 0.0 25
0.8482025387925441 0.8051214118930379 0.5 -0.13540141293505614 -0.14673350412415842 0.0 37
