Number of particles = 41
A = 1.0 Angstrom (basic length-scale)
H0(1,1) = 10.0 A
H0(1,2) = 0 A
H0(1,3) = 0 A
H0(2,1) = 0 A
H0(2,2) = 10.0 A
H0(2,3) = 0 A
H0(3,1) = 0 A
H0(3,2) = 0 A
H0(3,3) = 2.0 A
entry_count = 7
auxiliary[0] = ID [reduced unit]
10.000000
At
0.5265999999999987 0.5265999999999987 0.5 0 0 0 -1
1.000000
Br
0.7276379416017031 0.15590625851082832 0.5 -0.13717155639877493 0.14537027518927598 0.0 0
0.38167319120570065 0.3298223874055117 0.5 0.10334213143876514 0.1711730373836921 0.0 10
0.3218752798537259 0.31275878846235095 0.5 0.1347401378506612 0.14779607918238508 0.0 17
0.32357392201164986 0.37139592871739363 0.5 0.1568977875736436 0.12397323496498716 0.0 30
0.26727935195115865 0.3157639541488226 0.5 0.15216766467196613 0.12977100994497476 0.0 4
0.21456584415883606 0.2784291988328937 0.5 0.1551353023028218 0.12606050640569647 0.0 16
0.45965547926399913 0.39381900342719217 0.5 0.13887261510736323 0.18416457320168256 0.0 7
0.559406757250507 0.3774311161763731 0.5 -0.11597504322358668 0.1629169958664033 0.0 11
0.4062016245093834 0.39830182552724397 0.5 0.041560273447285176 0.16257444102300073 0.0 20
0.5911007665713826 0.28251574987326744 0.5 -0.11202194113034109 0.1656440164456448 0.0 6
0.35736711960535755 0.4749779912943416 0.5 0.19683536357934833 0.034665333154309516 0.0 9
0.35300211520982117 0.5681165231536752 0.5 0.11223645941480437 -0.09137995570770815 0.0 28
0.3116963310170812 0.4357958322652486 0.5 0.18615137857688707 0.0730479148074541 0.0 8
0.23440218938665452 0.4577647970407657 0.5 0.19688356987883648 0.03495122325119836 0.0 1
0.48208153117824065 0.5028161504940815 0.5 0.11208005633500209 -0.0362228302884353 0.0 5
0.448170236445535 0.4650919566325288 0.5 0.07514655652591223 -0.09520972327311727 0.0 13
0.4805528530528583 0.5541579553004188 0.5 -0.06884254148512219 -0.2069209783434633 0.0 38
0.5731611986471825 0.4319641599931785 0.5 -0.17059524863069292 0.10437753597389263 0.0 23
0.40521424785850124 0.4957378096468198 0.5 0.14278623972587928 0.031843987295768955 0.0 33
0.7616977788008624 0.4526986424286597 0.5 -0.19919637018995257 0.017594780634107552 0.0 14
0.6870108770446083 0.4149728984772992 0.5 -0.18233087104118956 0.0821818160908559 0.0 3
0.6295109913446091 0.41433725643142977 0.5 -0.17877981606670018 0.08964468893805422 0.0 26
0.3299677335515293 0.6761239474050886 0.5 0.13203859968459813 -0.15320236225262068 0.0 2
0.39286253024535855 0.6018788981949498 0.5 0.1443399385953945 -0.06914418452925711 0.0 31
0.3683833930891073 0.7169159561387619 0.5 0.1348258052676272 -0.1414585709966091 0.0 15
0.27854396597407366 0.7015166612025394 0.5 0.17311165434449916 -0.0949452500380574 0.0 39
0.26242792214131316 0.6442093313511138 0.5 0.19828858177366288 -0.025723528343996202 0.0 34
0.49300063035905606 0.6045265782775494 0.5 0.16111850562621693 -0.032823686497624543 0.0 21
0.5193716334099673 0.6723191968644799 0.5 -0.055487414379873784 -0.1962621909065838 0.0 27
0.4565343900563292 0.7164522266781793 0.5 0.02343272834242393 -0.1986002364847973 0.0 12
0.4418171286270468 0.6162234011570662 0.5 0.06827581517805438 -0.10032870619620013 0.0 22
0.5404421496910706 0.7306436392653903 0.5 -0.06338307366446211 -0.18415789389980725 0.0 36
0.5771141250940314 0.6838225109876379 0.5 -0.08861103407146091 -0.17691892137404552 0.0 32
0.5695262367941824 0.6122013664175598 0.5 -0.14948171193303222 -0.13284925359707483 0.0 24
0.6836493355969366 0.6548430749328278 0.5 -0.1735792867033858 -0.09929101433621537 0.0 19
0.7464443086669573 0.790138515507421 0.5 -0.12514449514717224 -0.15574568567761743 0.0 29
0.28145863796441634 0.8002217170722528 0.5 0.13383570452019572 -0.1480364688423465 0.0 18
0.2019708152874388 0.8711260142655742 0.5 0.16174772399010912 -0.11726782235073774 0.0 35
0.6336500543716963 0.8102186602841366 0.5 -0.08606415358474614 -0.18048308824137754 0.0 25
0.8454384765487344 0.8022394598372831 0.5 -0.1390022974592831 -0.1433458649874838 0.0 37
