Number of particles = 41
A = 1.0 Angstrom (basic length-scale)
H0(1,1) = 10.0 A
H0(1,2) = 0 A
H0(1,3) = 0 A
H0(2,1) = 0 A
H0(2,2) = 10.0 A
H0(2,3) = 0 A
H0(3,1) = 0 A
H0(3,2) = 0 A
H0(3,3) = 2.0 A
entry_count = 7
auxiliary[0] = ID [reduced unit]
10.000000
At
0.5272999999999988 0.5272999999999988 0.5 0 0 0 -1
1.000000
Br
0.7248675846483851 0.15878840339698527 0.5 -0.13896621201547354 0.14368204619712538 0.0 0
0.3837567883531118 0.33323530542423996 0.5 0.10368094748682227 0.17095012079476463 0.0 10
0.3245719699762647 0.315713011904387 0.5 0.13487706362115165 0.1476726248510734 0.0 17
0.3267093565579685 0.37387887440478657 0.5 0.15668631828480278 0.12425893177895897 0.0 30
0.27031530230246886 0.3183680600628874 0.5 0.15166154254597264 0.1303640561822887 0.0 4
0.21768051992708154 0.28093635840981895 0.5 0.15585304931487037 0.12522299890662203 0.0 16
0.46194096993217865 0.3975533177084052 0.5 0.10631916716637024 0.18767994591340786 0.0 7
0.5571045861148962 0.38070167527914633 0.5 -0.11493126395307351 0.1636543790711119 0.0 11
0.588880149121837 0.285841945622278 0.5 -0.11068483221370759 0.16654053804459135 0.0 6
0.361295954482456 0.475715183720153 0.5 0.19629982275807423 0.03762112143676041 0.0 9
0.3557333563982612 0.5666953436014961 0.5 0.143506886870476 -0.06530923564352617 0.0 28
0.3154255107840928 0.437241173457081 0.5 0.186491857512749 0.0721899009256079 0.0 8
0.23833676181234184 0.45848142198235753 0.5 0.1966321016772588 0.03634811854646977 0.0 1
0.48489784463067426 0.500915662017791 0.5 0.15207302927844513 -0.1581641992282401 0.0 5
0.4501482085757786 0.46439306307747136 0.5 0.10554352514234311 -0.017538567739613157 0.0 13
0.47971176090374046 0.5513750494716402 0.5 -0.03680014582737841 -0.07351472025084495 0.0 38
0.5697588366425536 0.4340670939292247 0.5 -0.1699549006405197 0.1054087754852969 0.0 23
0.408390369710554 0.4961963630638788 0.5 0.16338319342456276 0.02038015186929213 0.0 33
0.4075433093335447 0.4014807569512036 0.5 0.07446623934342071 0.15783051159370975 0.0 20
0.7577156999375434 0.4530710754715712 0.5 -0.19908307186480695 0.01886300489362867 0.0 14
0.6833643159405647 0.4166167026263029 0.5 -0.1822912290354226 0.08227230448068867 0.0 3
0.6259308524404836 0.416121030734494 0.5 -0.17904092657437515 0.08912140072122751 0.0 26
0.3327236763506411 0.6731949308141116 0.5 0.14009860257133616 -0.1437297357834802 0.0 2
0.39589171158702335 0.6002911257425075 0.5 0.15343365582434348 -0.08241081739392109 0.0 31
0.37091778264848496 0.71392877225262 0.5 0.12452511672397307 -0.15154031326909814 0.0 15
0.28202678114469504 0.6996290416749551 0.5 0.1751416389295578 -0.0928222822880744 0.0 39
0.2663930157016038 0.6436879055510969 0.5 0.19821264378549214 -0.02640424874055277 0.0 34
0.2841553211432443 0.7972815316233385 0.5 0.13327444308271408 -0.14838594822484275 0.0 18
0.4952776714688582 0.6029347458872809 0.5 0.1003736576504996 -0.09295489085338327 0.0 21
0.5183732872419743 0.6683909055460389 0.5 -0.04840608187037081 -0.19644352319614378 0.0 27
0.45700669416126116 0.7124805485178544 0.5 0.023818587226683362 -0.19856066141725637 0.0 12
0.4433488581620891 0.6138022425454169 0.5 0.0791656891848868 -0.12686491012017015 0.0 22
0.5392070141707542 0.7269201130473041 0.5 -0.06014620109033937 -0.18708290296791646 0.0 36
0.5752374645727718 0.6803296146095581 0.5 -0.09552790436173474 -0.17386546929852975 0.0 32
0.5665402485756504 0.6095401740426312 0.5 -0.14930477358437572 -0.13305561487338646 0.0 24
0.6801815355828855 0.6528503737838982 0.5 -0.17329901690096405 -0.09979672458182456 0.0 19
0.7439135722409228 0.787046389129635 0.5 -0.12602189688854448 -0.15504509247518516 0.0 29
0.8426231206593439 0.799405698311517 0.5 -0.1412662489498384 -0.1412207370606176 0.0 37
0.20520839706749233 0.8687880989767585 0.5 0.1605192829281022 -0.11865109149658032 0.0 35
0.6319145671608565 0.8066161724051509 0.5 -0.086165674001635 -0.18041411183443645 0.0 25
