Number of particles = 41
A = 1.0 Angstrom (basic length-scale)
H0(1,1) = 10.0 A
H0(1,2) = 0 A
H0(1,3) = 0 A
H0(2,1) = 0 A
H0(2,2) = 10.0 A
H0(2,3) = 0 A
H0(3,1) = 0 A
H0(3,2) = 0 A
H0(3,3) = 2.0 A
entry_count = 7
auxiliary[0] = ID [reduced unit]
10.000000
At
0.5279999999999987 0.5279999999999987 0.5 0 0 0 -1
1.000000
Br
0.7220882562591058 0.1616616039107621 0.5 -0.13808438704244214 0.14448684356197933 0.0 0
0.38582342408191345 0.3366589182397344 0.5 0.10337120298656746 0.1711632018775886 0.0 10
0.3272729626433065 0.318663317005755 0.5 0.1351128336836931 0.14745749089864452 0.0 17
0.3298343942095055 0.3763750694202613 0.5 0.15608929180560632 0.1250143447259849 0.0 30
0.27338170135448636 0.3209349636791115 0.5 0.15374420149562734 0.12783169857812476 0.0 4
0.22076013158646796 0.28348563916366204 0.5 0.15339639320809295 0.12815933850571298 0.0 16
0.5548393559680644 0.38399745606691915 0.5 -0.112869057292699 0.1650581218537111 0.0 11
0.5866740613235507 0.28917798245849907 0.5 -0.11026844980137368 0.16682891338464073 0.0 6
0.3652203915613673 0.47647911580395624 0.5 0.19616419752784453 0.038534248085279846 0.0 9
0.3589138342507604 0.565638952667155 0.5 0.16344858650259167 -0.04933433270688391 0.0 28
0.31915056761178995 0.43869741923207756 0.5 0.18612362149172257 0.0731413997973451 0.0 8
0.24226732352473657 0.459218902230516 0.5 0.1966229898404439 0.03636057156744879 0.0 1
0.39668991045648455 0.5978236772174097 0.5 0.05390104146508709 -0.12208721207101808 0.0 31
0.48907690524942 0.49965748675043403 0.5 0.2564666998264777 0.0048943715992294246 0.0 5
0.4516549113836457 0.4638887463518583 0.5 0.03383425656364833 -0.05985634996674262 0.0 13
0.4798579782538995 0.5494236624603551 0.5 0.02020429390421195 -0.10422058738052369 0.0 38
0.5663630336960107 0.43618065949829277 0.5 -0.16971340716570044 0.10580245808076214 0.0 23
0.41186308769586766 0.49648983725079665 0.5 0.17656524379172017 0.013043297196346965 0.0 33
0.40934623760861016 0.404602391268562 0.5 0.09470150498093673 0.1555173429259557 0.0 20
0.46373286995944535 0.4013450673548894 0.5 0.08502200393639761 0.1900828463156723 0.0 7
0.7537357787169954 0.45346658081871205 0.5 -0.1989633798072582 0.020105749237898454 0.0 14
0.6797228995606461 0.41827183313260974 0.5 -0.18200936887484576 0.08289157883988502 0.0 3
0.6223517510036964 0.41790694102722475 0.5 -0.17890040580667238 0.08940518031587943 0.0 26
0.3356273320894466 0.6704403981664293 0.5 0.14661538473653646 -0.13603735820245272 0.0 2
0.37334845718483994 0.710825764820082 0.5 0.12084125206769214 -0.15606904147809317 0.0 15
0.2855068043726 0.697712268840555 0.5 0.1735272033468323 -0.09694346683731073 0.0 39
0.27035062535016363 0.6431156115473774 0.5 0.19773217682724992 -0.029547562840003275 0.0 34
0.28676430197247427 0.7942624469988003 0.5 0.12976620173944092 -0.1515904356854631 0.0 18
0.49668419537429165 0.6004768701835711 0.5 0.06176876449418009 -0.13144870356001417 0.0 21
0.5174845823165539 0.6644586437992351 0.5 -0.04338498511325435 -0.19664682466364725 0.0 27
0.4575076773906076 0.708512488191154 0.5 0.025543147262264546 -0.19833747599411683 0.0 12
0.4474144586475727 0.6116839151223193 0.5 0.19215010276016234 -0.11318915879999372 0.0 22
0.5380636154051475 0.7231409986190702 0.5 -0.05643914226616133 -0.18946010152815917 0.0 36
0.5732546613453913 0.6768853177965216 0.5 -0.09949259368912376 -0.1721742447228547 0.0 32
0.5635802685001666 0.6068506746437614 0.5 -0.1476947521688906 -0.13480828297590702 0.0 24
0.6767142451096898 0.6508569363039619 0.5 -0.17367388063946243 -0.09912151544196246 0.0 19
0.7414061382529754 0.7839336710428424 0.5 -0.12527907456698756 -0.15573121094498277 0.0 29
0.8398601277623797 0.7965216442482821 0.5 -0.13728703297200062 -0.14503081500416515 0.0 37
0.20835452173910873 0.8663326885281059 0.5 0.15636153533362895 -0.12397730076499525 0.0 35
0.6301988452989601 0.8030039225145135 0.5 -0.08586131737751063 -0.1805827145078467 0.0 25
