Number of particles = 41
A = 1.0 Angstrom (basic length-scale)
H0(1,1) = 10.0 A
H0(1,2) = 0 A
H0(1,3) = 0 A
H0(2,1) = 0 A
H0(2,2) = 10.0 A
H0(2,3) = 0 A
H0(3,1) = 0 A
H0(3,2) = 0 A
H0(3,3) = 2.0 A
entry_count = 7
auxiliary[0] = ID [reduced unit]
10.000000
At
0.5286999999999986 0.5286999999999986 0.5 0 0 0 -1
1.000000
Br
0.7193613891899808 0.16458428573853404 0.5 -0.13588947010569202 0.14656649383916998 0.0 0
0.3879064180476507 0.34007287880457343 0.5 0.1044963126444049 0.17048709475143087 0.0 10
0.3299636137983731 0.3216225118786704 0.5 0.13381450205167367 0.14858828403948182 0.0 17
0.33295741545691027 0.3788735646491333 0.5 0.15656555371893643 0.12439510591759909 0.0 30
0.27644438627147444 0.323506485258685 0.5 0.15292631491621644 0.128827812907871 0.0 4
0.22385252265323455 0.28601949956011846 0.5 0.15491684379475051 0.12634093015775544 0.0 16
0.5525908816910217 0.3873049158233933 0.5 -0.1123760544363398 0.1654095497281659 0.0 11
0.5844768484889327 0.29251985325604685 0.5 -0.10931248618327344 0.1674459582290424 0.0 6
0.36913794385328724 0.4772793278791152 0.5 0.19576181701245549 0.04058242262933069 0.0 9
0.3605858157851966 0.563271601831963 0.5 0.09638465073704416 -0.1077748469108942 0.0 28
0.322867982630274 0.44017269286426847 0.5 0.18600329353213774 0.0734301107098547 0.0 8
0.24620018400791283 0.4599449512954036 0.5 0.19659248146510822 0.036586790583440665 0.0 1
0.4904214696812422 0.49774707885791136 0.5 0.014772463374509145 -0.12830696829253016 0.0 5
0.4530258563485419 0.46371483477451214 0.5 0.07835285875578865 0.006065597539381656 0.0 13
0.48062509279916144 0.5469222712826847 0.5 0.03955651997884549 -0.13271331810493164 0.0 38
0.5629751708218811 0.43830694179761753 0.5 -0.16927477179011935 0.10650233669478956 0.0 23
0.4155256272064684 0.496677660730424 0.5 0.18500175602670094 0.008347710205662058 0.0 33
0.41145668091375087 0.4076764638714191 0.5 0.10888027399407393 0.15294526830729793 0.0 20
0.4651938801447485 0.4051769193412781 0.5 0.06988748764205144 0.19196758920794826 0.0 7
0.4988574290789486 0.5971507960778977 0.5 0.1691683924182318 -0.18746829845022212 0.0 21
0.4001913470341737 0.596971740601298 0.5 0.17394835491761082 -0.05042874846674304 0.0 31
0.7497588535115693 0.4538909257385371 0.5 -0.19880429026094087 0.021604561483614265 0.0 14
0.6760780743252095 0.4199193851011843 0.5 -0.18227100307987076 0.08231290975676653 0.0 3
0.6187793287704625 0.41970610558421495 0.5 -0.1785122432978133 0.09017274748529272 0.0 26
0.3386068179262226 0.6677746332591945 0.5 0.14911617292968654 -0.1331453473141449 0.0 2
0.3757161539935454 0.7076520068637565 0.5 0.1165961723384902 -0.1601519644657489 0.0 15
0.2889403025455347 0.6956993364068291 0.5 0.170997840783147 -0.1019273565451965 0.0 39
0.27430778414619067 0.642539685028092 0.5 0.19786195719837063 -0.028813062082874617 0.0 34
0.2893418807473785 0.7912125022692564 0.5 0.12874489721611693 -0.15265833408466806 0.0 18
0.5166549460565101 0.6605258352543262 0.5 -0.04102265897376452 -0.19662277948746254 0.0 27
0.4580078496602332 0.7045442919010584 0.5 0.025012897331765024 -0.1984115462550397 0.0 12
0.4494474420194902 0.6094134292192448 0.5 0.028753929898946123 -0.10234543497843246 0.0 22
0.5369547304744522 0.7193326499328062 0.5 -0.055281266904988025 -0.19065754019622255 0.0 36
0.5712274968706652 0.673456837410725 0.5 -0.10209018458262124 -0.17108443044098642 0.0 32
0.5606328165860626 0.6041472515405545 0.5 -0.1473470910722331 -0.13520304849914228 0.0 24
0.6732371432037318 0.6488808907742765 0.5 -0.17365355287729184 -0.09915639209049756 0.0 19
0.7388951611899286 0.7808224691294199 0.5 -0.12571341874276948 -0.15543984180318987 0.0 29
0.6284573449085084 0.7994039440614037 0.5 -0.08766106291530798 -0.17971041229875478 0.0 25
0.837049782641422 0.793684986348442 0.5 -0.14143008160287385 -0.14093044414447475 0.0 37
0.21143750146317788 0.8637969370531262 0.5 0.15350917777572348 -0.12759898296475564 0.0 35
