Number of particles = 41
A = 1.0 Angstrom (basic length-scale)
H0(1,1) = 10.0 A
H0(1,2) = 0 A
H0(1,3) = 0 A
H0(2,1) = 0 A
H0(2,2) = 10.0 A
H0(2,3) = 0 A
H0(3,1) = 0 A
H0(3,2) = 0 A
H0(3,3) = 2.0 A
entry_count = 7
auxiliary[0] = ID [reduced unit]
10.000000
At
0.5293999999999986 0.5293999999999986 0.5 0 0 0 -1
1.000000
Br
0.7166183148988661 0.16749244733383298 0.5 -0.13758476942400888 0.14500811960229582 0.0 0
0.38995828986485315 0.34350513961587514 0.5 0.10220263251070832 0.17184891038349998 0.0 10
0.3326244849506482 0.3246077926716313 0.5 0.13334175366796008 0.1490007948455711 0.0 17
0.33609788732219426 0.3813499815280149 0.5 0.1569664116059189 0.12389840121545556 0.0 30
0.27949020430535093 0.3260982213269973 0.5 0.15207847900136512 0.1298389880738426 0.0 4
0.22695865682981733 0.28853751130405286 0.5 0.1553665995743862 0.12583918284979156 0.0 16
0.5503374121812716 0.3906092235272002 0.5 -0.11283229116463589 0.1651089604092476 0.0 11
0.5823067583829465 0.295879327994723 0.5 -0.1083512265088575 0.16807567632811055 0.0 6
0.37183326655354204 0.4775862717160413 0.5 0.07405960573741964 -0.011239970386423985 0.0 9
0.3630888275068553 0.5616147179682593 0.5 0.1333649246025066 -0.07576872962917347 0.0 28
0.3266021310649798 0.4416040755184154 0.5 0.18686176900101004 0.07116903985149939 0.0 8
0.25013299236702513 0.4606670502510622 0.5 0.1968542571264693 0.03475056794605827 0.0 1
0.49098155897158124 0.496035431823444 0.5 0.10763584147237021 -0.001876961657169246 0.0 5
0.45555162914939445 0.4619228508720603 0.5 0.06411635666780649 -0.1260026937383815 0.0 13
0.4815675547636772 0.5439556911315743 0.5 0.050182153650032285 -0.15246404138271902 0.0 38
0.5595985711202799 0.44045097667588085 0.5 -0.16866046465582046 0.10746675137455791 0.0 23
0.41881868216184853 0.4988287964053287 0.5 0.23603728311777633 0.12516460859195294 0.0 33
0.4137888050539601 0.4106976076247689 0.5 0.11884622955084842 0.15048726616170854 0.0 20
0.46647640709871385 0.40902663447706883 0.5 0.06272354916069137 0.19257126747669284 0.0 7
0.5012144362500799 0.5933356840568076 0.5 0.101583008431375 -0.1915550813198792 0.0 21
0.40232605944448674 0.5953104857671961 0.5 0.04066724431110849 -0.10414933882761658 0.0 31
0.745784392559296 0.45433827447936403 0.5 -0.19869109227884296 0.02265632537253864 0.0 14
0.6724333106072845 0.42156714881351426 0.5 -0.1822594037707389 0.08234207621871106 0.0 3
0.6152063134544464 0.42150410716987663 0.5 -0.17867445476348748 0.08985403106209613 0.0 26
0.34160695771876143 0.6651316982300159 0.5 0.15062966698969665 -0.13142368226182666 0.0 2
0.37798649150488123 0.7043947003923138 0.5 0.1128342120397978 -0.1635173645273664 0.0 15
0.29234601970796953 0.6936320156934416 0.5 0.17106326810273997 -0.10216749151488402 0.0 39
0.27826050073010056 0.6419336025044434 0.5 0.19751841999434733 -0.031029508612090966 0.0 34
0.2918964757166924 0.7881413401974326 0.5 0.1266181087300336 -0.15446067505411676 0.0 18
0.515853714895681 0.6565944512461251 0.5 -0.039597419900786815 -0.19658978431631197 0.0 27
0.4585243716547656 0.7005781446150502 0.5 0.026206025007089448 -0.19825656865748564 0.0 12
0.451688138143661 0.6072710554490347 0.5 0.1828584237305364 -0.09674548233492516 0.0 22
0.535879225241587 0.7155026162485424 0.5 -0.05346971843218368 -0.19171055398562276 0.0 36
0.5691324460680526 0.6700638335661102 0.5 -0.10570130837335612 -0.16911330723744983 0.0 32
0.5576872196989494 0.6014416139390113 0.5 -0.1470716681057177 -0.1355084351931986 0.0 24
0.6697769073560578 0.6468755317854243 0.5 -0.17279431880148877 -0.10064213782817724 0.0 19
0.7363338403154176 0.7777544737472596 0.5 -0.12784867831595964 -0.1536031198859385 0.0 29
0.6267347722064938 0.7957950807800328 0.5 -0.08587502121237608 -0.18056903093663274 0.0 25
0.8341817436245513 0.7909051899463223 0.5 -0.1439503208331696 -0.13845199260283614 0.0 37
0.21456427608435283 0.8613153863989801 0.5 0.15712387880423406 -0.12310451359100438 0.0 35
