Number of particles = 41
A = 1.0 Angstrom (basic length-scale)
H0(1,1) = 10.0 A
H0(1,2) = 0 A
H0(1,3) = 0 A
H0(2,1) = 0 A
H0(2,2) = 10.0 A
H0(2,3) = 0 A
H0(3,1) = 0 A
H0(3,2) = 0 A
H0(3,3) = 2.0 A
entry_count = 7
auxiliary[0] = ID [reduced unit]
10.000000
At
0.5300999999999986 0.5300999999999986 0.5 0 0 0 -1
1.000000
Br
0.7138405464629652 0.17036790240326943 0.5 -0.13932094983813448 0.14335892941747858 0.0 0
0.3920052641683473 0.3469406392935158 0.5 0.1027115875778494 0.17155996470903861 0.0 10
0.3353063586563172 0.3275744599064014 0.5 0.13432318222450862 0.14812906052764258 0.0 17
0.33922946632365114 0.3838378891907134 0.5 0.15642036551503785 0.1245965619753403 0.0 30
0.2825330383746426 0.32869330363225957 0.5 0.15262751164082972 0.12917171947999118 0.0 4
0.23006331254883103 0.2910581497191425 0.5 0.15514497519473974 0.12614758451211733 0.0 16
0.5481118008010955 0.39393187240347544 0.5 -0.11049432451797439 0.16664091319356522 0.0 11
0.5801386216881304 0.299240294246566 0.5 -0.10849611400619616 0.1679929767075652 0.0 6
0.3739929648415997 0.47766775621391655 0.5 0.11765775594068636 0.008539637980207878 0.0 9
0.366123430022259 0.5604093378849551 0.5 0.1569694608451831 -0.055916603955144625 0.0 28
0.3303409491617175 0.44302393817614466 0.5 0.18691149895370673 0.071080259479569 0.0 8
0.25408753326639466 0.4611810779940336 0.5 0.1979709131176115 0.023466793543956598 0.0 1
0.49609499356102493 0.49446032084353303 0.5 0.26214772103012196 -0.1286274541448171 0.0 5
0.4555033005001484 0.45913899677442194 0.5 0.014024073051374077 -0.10848568150351531 0.0 13
0.481957863335183 0.5446087368579475 0.5 0.009485916768430809 0.0814943834515423 0.0 38
0.5562374782652346 0.44261902331777064 0.5 -0.1678311184383799 0.1087452697993948 0.0 23
0.4233376190387445 0.5006311667690528 0.5 0.22306386119537686 0.08010534949884987 0.0 33
0.4162486509044889 0.4136978137306497 0.5 0.12420961767044703 0.14984459713533305 0.0 20
0.4676710645763788 0.41288086777524197 0.5 0.058329300214978716 0.1928964457454777 0.0 7
0.5025122304199299 0.5894695133618069 0.5 0.0543556226256561 -0.19380200529865943 0.0 21
0.4038521450717937 0.593202547722275 0.5 0.08653263967255548 -0.1056815449244732 0.0 31
0.5547479513159606 0.5987289588588336 0.5 -0.14699871419105287 -0.13559668253167323 0.0 24
0.7418129802246685 0.45481188280683604 0.5 -0.1985267495131714 0.024043796021131943 0.0 14
0.6687908808391193 0.4232200806074413 0.5 -0.18204743328448875 0.08280892104567639 0.0 3
0.6116351433207371 0.42330581845150006 0.5 -0.17849400362965617 0.09021328711889254 0.0 26
0.34464353059777525 0.6625307979239439 0.5 0.15213602672936288 -0.12969414586341987 0.0 2
0.38023469389347614 0.7011096182285186 0.5 0.1124879879028888 -0.164330558087401 0.0 15
0.2957907166433972 0.6916211686198952 0.5 0.17245759577276532 -0.10028057878774171 0.0 39
0.2822048529245066 0.6412793660074961 0.5 0.19729345307250534 -0.032288871273380676 0.0 34
0.2943959262893812 0.7850242639025338 0.5 0.12465741671277084 -0.1561339558177463 0.0 18
0.5150729558817455 0.6526635337376361 0.5 -0.038968595188835095 -0.19651592206452095 0.0 27
0.4590635837883791 0.6966151483389511 0.5 0.026707112783731127 -0.1981855578722178 0.0 12
0.4547544316527744 0.6048450860450607 0.5 0.1450461765707678 -0.1282408587134256 0.0 22
0.5348101700548039 0.7116626695290611 0.5 -0.053573861478650175 -0.1920441946486074 0.0 36
0.5670194651526433 0.6666775511120036 0.5 -0.10500765898942582 -0.16975436388004528 0.0 32
0.6663097705542476 0.6448820897897649 0.5 -0.1734785756151367 -0.09946494021587754 0.0 19
0.733777334084797 0.7746809255985891 0.5 -0.12790380778966415 -0.15362774975205556 0.0 29
0.6250092750041965 0.7921872543740869 0.5 -0.0865694298223349 -0.1802526034330204 0.0 25
0.8313086374564733 0.7881298231756014 0.5 -0.14252733329343364 -0.13989616577255953 0.0 37
0.21773897156957353 0.858892720842471 0.5 0.1591653171904166 -0.1206117201839911 0.0 35
