Number of particles = 41
A = 1.0 Angstrom (basic length-scale)
H0(1,1) = 10.0 A
H0(1,2) = 0 A
H0(1,3) = 0 A
H0(2,1) = 0 A
H0(2,2) = 10.0 A
H0(2,3) = 0 A
H0(3,1) = 0 A
H0(3,2) = 0 A
H0(3,3) = 2.0 A
entry_count = 7
auxiliary[0] = ID [reduced unit]
10.000000
At
0.5314999999999985 0.5314999999999985 0.5 0 0 0 -1
1.000000
Br
0.708381900006734 0.17620943865449384 0.5 -0.13629975629829827 0.14621854948402818 0.0 0
0.39615928676382234 0.3537751110871453 0.5 0.1032879952590087 0.1712072966507182 0.0 10
0.34067503820894307 0.33350323716723856 0.5 0.13310783980836038 0.14920610942396445 0.0 17
0.3455081166985883 0.3887935779984695 0.5 0.15761363034395737 0.12307204569607963 0.0 30
0.28865864217539994 0.33383606803949323 0.5 0.1525268511740897 0.12930143811556327 0.0 4
0.23628739753741695 0.29608236272449395 0.5 0.15550767503739726 0.12573486880769158 0.0 16
0.5431198024925482 0.39671100772063905 0.5 -0.11879556397474905 0.10029247473562393 0.0 11
0.5758527230581716 0.3059934718534326 0.5 -0.10591852743145944 0.16960274706999612 0.0 6
0.37995449407323045 0.478647737234282 0.5 0.16275712521419503 0.03208187935301517 0.0 9
0.3703010985232826 0.5563313057176964 0.5 0.1334106796213667 -0.07672405293160636 0.0 28
0.3378368296742081 0.4458155882743141 0.5 0.18732376570248688 0.07000679369506294 0.0 8
0.2620220637821903 0.4620504724056227 0.5 0.19860344308847416 0.019366618126108886 0.0 1
0.5008356892768446 0.49153111081006606 0.5 0.0768800799590349 0.0048122797843578105 0.0 5
0.4585500204067568 0.46334626853049504 0.5 0.20528851315390007 -0.02103012582233056 0.0 13
0.48197779085698206 0.5399654704858553 0.5 0.031051196729012444 -0.13348524023989516 0.0 38
0.550208109762061 0.4509510867080169 0.5 -0.1557308940733329 0.1781896200982302 0.0 23
0.42935767812066483 0.5061124435641373 0.5 0.05005217769853579 0.26061067221852874 0.0 33
0.42139434308050977 0.4196536253707378 0.5 0.13105782313759173 0.14804987991128454 0.0 20
0.4720243167899433 0.41249291147543116 0.5 0.09537982485056454 0.02276158114620147 0.0 7
0.5033196828678791 0.583442173521207 0.5 -0.18501300683724195 -0.21560615206797662 0.0 21
0.4090081043276312 0.590828716618075 0.5 0.07471963274183727 -0.08910037525003955 0.0 31
0.5536558277184508 0.5941478893457329 0.5 0.15375509053473704 -0.07946637050795308 0.0 24
0.7338799247018071 0.45583749540662516 0.5 -0.1982081566562896 0.026552741606946623 0.0 14
0.6614971608498784 0.42650612036158675 0.5 -0.18227442013527112 0.08230539331514608 0.0 3
0.6044997231332516 0.4269228871180516 0.5 -0.17836038829054623 0.09047803112414374 0.0 26
0.3507497155268283 0.6573659597862684 0.5 0.1522801008554454 -0.12958282071743416 0.0 2
0.384689985187562 0.6944929112304498 0.5 0.11012696390492926 -0.16644360158146054 0.0 15
0.3029410365723503 0.6887045547372926 0.5 0.2013616687750831 0.01572544538183389 0.0 39
0.2897590444838487 0.6386861249926504 0.5 0.16409526861926277 -0.1589047386625523 0.0 34
0.29940817888389 0.778795768157931 0.5 0.12628267679073282 -0.15495951116870205 0.0 18
0.513502148167931 0.6448110794146805 0.5 -0.0392733473164663 -0.19624738182167079 0.0 27
0.46017312482566747 0.6886933667825794 0.5 0.029016060908003682 -0.1978570524216357 0.0 12
0.45893121498529127 0.6002961158470608 0.5 0.13794632453927153 -0.11192910133725284 0.0 22
0.5326588275271582 0.7039728323839188 0.5 -0.05386746460640304 -0.19233937057518263 0.0 36
0.5628104797780559 0.6598856882935498 0.5 -0.10636597020998997 -0.16915564483814982 0.0 32
0.6593722585292976 0.6408997549123034 0.5 -0.17322828417050123 -0.09993113284356969 0.0 19
0.7285927626510503 0.7685939312714369 0.5 -0.13205026329903385 -0.14996786569053183 0.0 29
0.6214963132819805 0.7850020998194903 0.5 -0.0872802530403419 -0.17989681741368102 0.0 25
0.8255696261610648 0.7825748512585164 0.5 -0.14575558920682807 -0.13653484270371796 0.0 37
0.22388823940268154 0.8538119216155884 0.5 0.15402262742903766 -0.12685020146413276 0.0 35
