Number of particles = 41
A = 1.0 Angstrom (basic length-scale)
H0(1,1) = 10.0 A
H0(1,2) = 0 A
H0(1,3) = 0 A
H0(2,1) = 0 A
H0(2,2) = 10.0 A
H0(2,3) = 0 A
H0(3,1) = 0 A
H0(3,2) = 0 A
H0(3,3) = 2.0 A
entry_count = 7
auxiliary[0] = ID [reduced unit]
10.000000
At
0.5321999999999985 0.5321999999999985 0.5 0 0 0 -1
1.000000
Br
0.7056314225859771 0.1791111142451141 0.5 -0.13793945654540674 0.14469429160691183 0.0 0
0.3982303640114426 0.3571963334229766 0.5 0.10376267124814473 0.17093793713322358 0.0 10
0.34335634188343345 0.33647025585133294 0.5 0.13435266655953448 0.14809355693151427 0.0 17
0.34865826661499133 0.391257920339687 0.5 0.1573236811952487 0.12345284821338645 0.0 30
0.29170650093351835 0.3364251624930549 0.5 0.1527894741229079 0.12898237014295344 0.0 4
0.23938847502096056 0.2986083112989859 0.5 0.15487458910981072 0.12651784907220093 0.0 16
0.5408159871010253 0.39910525027018495 0.5 -0.11420198532662137 0.12523487517601417 0.0 11
0.5737380689350489 0.3093880981843881 0.5 -0.10575469067075807 0.169721492644756 0.0 6
0.38338345454985 0.4793863403006142 0.5 0.1739944089034117 0.03806443825593856 0.0 9
0.3733380858087469 0.5551304499773055 0.5 0.1571125803457057 -0.05533418610063527 0.0 28
0.34157367361895946 0.4472408784362677 0.5 0.18664467207428032 0.07177248308332479 0.0 8
0.2659978518812266 0.4624237664677051 0.5 0.198804790994226 0.01888872729029633 0.0 1
0.5029831614285994 0.4920546011694724 0.5 0.17274117519506615 0.013573188629870427 0.0 5
0.46125534827505554 0.4630768298975593 0.5 0.07733981476576089 -0.03770949146796154 0.0 13
0.4812023784643066 0.5358563096575746 0.5 -0.05196310346987811 -0.1312296545932664 0.0 38
0.547029987825294 0.454132667781598 0.5 -0.15989660874334055 0.15349186498054312 0.0 23
0.43119842710487477 0.509862938171025 0.5 0.10403324447703241 0.1666446675329889 0.0 33
0.42404923630383573 0.42260101149023804 0.5 0.13302329663349816 0.1473651900881074 0.0 20
0.4735455143318516 0.4139308927491321 0.5 0.07055135399570805 0.08593681768002889 0.0 7
0.5059375447983292 0.5800640531892463 0.5 0.18891511280667755 -0.20151994084296898 0.0 21
0.40972541469588536 0.5886520472413231 0.5 -0.021075815894394626 -0.12382686593736986 0.0 31
0.5550366865245848 0.5922551726933653 0.5 0.044714400386842296 -0.09883019686691127 0.0 24
0.458431497105764 0.5995576259383719 0.5 -0.018839790680644022 -0.00970556024339941 0.0 22
0.7299189082790909 0.45639115670127495 0.5 -0.19799472120988493 0.028077696445729466 0.0 14
0.657853226503588 0.4281555546734076 0.5 -0.1823091046479871 0.08222118278935095 0.0 3
0.600937773365972 0.4287427152628709 0.5 -0.17799097862985097 0.09119832812021189 0.0 26
0.3529390460245301 0.6538362988854808 0.5 0.06617810665905885 -0.22393683168139716 0.0 2
0.38777992127127137 0.6921268723338416 0.5 0.1984383595927262 -0.07034564965007611 0.0 15
0.30674894743436126 0.6882759860922736 0.5 0.18697276920929046 -0.03244126963168223 0.0 39
0.29320434734180373 0.6361152952563521 0.5 0.1749522930604322 -0.11842775817738309 0.0 34
0.30186013482796914 0.7756415492638131 0.5 0.12239801485352753 -0.15789828882719903 0.0 18
0.5127048941619037 0.640889355931756 0.5 -0.040129608024458904 -0.19601917655016493 0.0 27
0.4606712400598664 0.68472712108838 0.5 0.023883554675969462 -0.19843118116764474 0.0 12
0.5315603559355268 0.7001306779345517 0.5 -0.05535637646957317 -0.19200189935470136 0.0 36
0.560704315130442 0.6564884517108299 0.5 -0.10520352582025785 -0.1699449564387865 0.0 32
0.6558985868433596 0.6389173609244027 0.5 -0.17357702172614592 -0.09930948451390317 0.0 19
0.7259562359556059 0.7655893158709566 0.5 -0.13183661662005475 -0.15024116852756658 0.0 29
0.6197409530629662 0.7814086799318373 0.5 -0.08808131629152194 -0.1795195861229663 0.0 25
0.822628775504558 0.7798701801399617 0.5 -0.14738883889504334 -0.13488613119378284 0.0 37
0.22698435281299995 0.8512901630338103 0.5 0.15501551348741494 -0.12588766926220976 0.0 35
