Number of particles = 41
A = 1.0 Angstrom (basic length-scale)
H0(1,1) = 10.0 A
H0(1,2) = 0 A
H0(1,3) = 0 A
H0(2,1) = 0 A
H0(2,2) = 10.0 A
H0(2,3) = 0 A
H0(3,1) = 0 A
H0(3,2) = 0 A
H0(3,3) = 2.0 A
entry_count = 7
auxiliary[0] = ID [reduced unit]
10.000000
At
0.5335999999999984 0.5335999999999984 0.5 0 0 0 -1
1.000000
Br
0.7001607387050757 0.18494180730404552 0.5 -0.13515993529229497 0.14726968480773672 0.0 0
0.34876029982753937 0.3423671217035403 0.5 0.13462890773807462 0.1478438490456741 0.0 17
0.3549655848395548 0.3961772199513793 0.5 0.15821885618399845 0.12229866364236325 0.0 30
0.2978422291016171 0.34155636662332534 0.5 0.15301391721066737 0.12873525519605178 0.0 4
0.2455995818772915 0.30364739908685046 0.5 0.15526085205155132 0.12600097508672403 0.0 16
0.569538095372357 0.31619568994741587 0.5 -0.10437305551810286 0.17057966922164264 0.0 6
0.4024171614726112 0.3640116094277342 0.5 0.10435013558925446 0.1705831827576541 0.0 10
0.390701542368858 0.4808223103235337 0.5 0.18789435206670804 0.027136584129879647 0.0 9
0.3750644329052676 0.5485982803234011 0.5 0.07013002031372842 -0.13803789999630076 0.0 28
0.349039505720659 0.45011245676609857 0.5 0.18631596469227585 0.07264249795871669 0.0 8
0.2739345835392363 0.463343177186777 0.5 0.1983704052170101 0.023754860210407777 0.0 1
0.5068767763572537 0.49285396297479284 0.5 0.02558512119146988 0.20087458215344933 0.0 5
0.46346048077587554 0.4669935149707848 0.5 -0.020043198990334105 0.08460732445314101 0.0 13
0.4801455794400319 0.5325168742667935 0.5 0.10074533065461376 -0.10565508261255172 0.0 38
0.5416671332080042 0.45849642477037733 0.5 -0.04872701590183958 0.022074603288659733 0.0 23
0.4355421462023301 0.5131080626570076 0.5 0.021715749886650593 0.0013244071084853315 0.0 33
0.42628118738569015 0.42905921746455455 0.5 0.053150329873581884 0.1613960959148159 0.0 20
0.47959307951392993 0.41547990999658235 0.5 0.14811386709241164 0.054440315203801146 0.0 7
0.5063477722635967 0.5764802827417262 0.5 -0.07921452240206181 0.07320327785707807 0.0 21
0.4135370545253864 0.5879927622368418 0.5 0.1376199330795529 -0.025778001341031812 0.0 31
0.5567320946353984 0.5886625522735967 0.5 0.010721972152003302 -0.0944349525126442 0.0 24
0.4627173317547653 0.5970609103265281 0.5 0.09057210094852937 -0.10228935911517108 0.0 22
0.5365047679040672 0.4049118439466605 0.5 -0.10373317648087604 0.15467772741314156 0.0 11
0.5938265622116846 0.43240701699595885 0.5 -0.17775556478483628 0.09165862101804612 0.0 26
0.7220075511080449 0.45757247196383616 0.5 -0.19762509177943166 0.03058007254900203 0.0 14
0.6505612124268686 0.43144539526274617 0.5 -0.18226194658528772 0.08233360732256892 0.0 3
0.35705334531697785 0.6464918546007363 0.5 0.11882500898474288 -0.16608703382887435 0.0 2
0.3943104142369138 0.6877590226084547 0.5 0.14571068702913736 -0.12761309155110845 0.0 15
0.3137702920581846 0.6855260909493586 0.5 0.17149848646130167 -0.08342257548416072 0.0 39
0.3005296830747467 0.6325882591581556 0.5 0.18635912321612974 -0.07643117117027826 0.0 34
0.3068023854041383 0.7693580261381818 0.5 0.12489208561813572 -0.15605960367271254 0.0 18
0.5081896607185358 0.6320747551043159 0.5 -0.11373664873386358 -0.22197805117739644 0.0 27
0.4615470312053908 0.6767791893584195 0.5 0.02078230642752807 -0.1988350869962392 0.0 12
0.5293233291533757 0.6924551549825513 0.5 -0.0544385796462899 -0.1923154190729452 0.0 36
0.5594277571946717 0.650654612319979 0.5 -0.028148279677453245 -0.14478416475130507 0.0 32
0.6489835717030769 0.6348962348237988 0.5 -0.17241653620251451 -0.10131580196092915 0.0 19
0.7206476762664981 0.7596084298969846 0.5 -0.13347134172424557 -0.14886904597651707 0.0 29
0.6162267888904835 0.7742238708151107 0.5 -0.08732034322364032 -0.17989029949089014 0.0 25
0.8168234458550814 0.7743827997768207 0.5 -0.14674280876632917 -0.13546914266216875 0.0 37
0.23316926590048123 0.8462291953765607 0.5 0.15336744087229676 -0.12809145927914192 0.0 35
