Number of particles = 41
A = 1.0 Angstrom (basic length-scale)
H0(1,1) = 10.0 A
H0(1,2) = 0 A
H0(1,3) = 0 A
H0(2,1) = 0 A
H0(2,2) = 10.0 A
H0(2,3) = 0 A
H0(3,1) = 0 A
H0(3,2) = 0 A
H0(3,3) = 2.0 A
entry_count = 7
auxiliary[0] = ID [reduced unit]
10.000000
At
0.5342999999999984 0.5342999999999984 0.5 0 0 0 -1
1.000000
Br
0.6974583176015502 0.18788832544964887 0.5 -0.1356196233346884 0.1468687610538985 0.0 0
0.3514441765217124 0.3453318657523642 0.5 0.13451021251547812 0.14795194014399216 0.0 17
0.3581291477314431 0.3986244634814575 0.5 0.15811768628966816 0.12244321189648724 0.0 30
0.30088409447527104 0.3441526997741083 0.5 0.15180102167318282 0.13015857823331006 0.0 4
0.2486921302773041 0.306183130662546 0.5 0.15439720682956387 0.12706942654573777 0.0 16
0.5674684014519292 0.3196180679154087 0.5 -0.10330667484310926 0.17122840855560495 0.0 6
0.40451388404014005 0.36741744675167004 0.5 0.10510426337853276 0.17012746584291988 0.0 10
0.3945272210386186 0.48121310379973786 0.5 0.19225238532269315 0.017369965875593675 0.0 9
0.37719195334632194 0.546538028822931 0.5 0.11672794814635504 -0.09306754900405262 0.0 28
0.3527787820539926 0.45153048402986357 0.5 0.18727531228602162 0.07004050532466694 0.0 8
0.2778999344510443 0.4638427381091324 0.5 0.19819608731587618 0.025617613393776578 0.0 1
0.5062038612608013 0.49179457949445843 0.5 0.03115466371495587 -0.13956271435804316 0.0 5
0.4628078306611257 0.46827968720580004 0.5 -0.07816490004806254 0.03331256949779596 0.0 13
0.481572239354636 0.534179348878064 0.5 -0.01123245392729269 0.08313523935582784 0.0 38
0.5418730499521038 0.4576230508172011 0.5 -0.009282057301797209 -0.026406220492288107 0.0 23
0.4345301209923054 0.5120381092748522 0.5 -0.022761905315263068 -0.04803555608418511 0.0 33
0.42783309671156095 0.43218065278869655 0.5 0.08451984318772646 0.15460956669691406 0.0 20
0.4818410272984484 0.4173769542495063 0.5 0.10096335834950187 0.10651026353005433 0.0 7
0.508760582892932 0.5768676796708879 0.5 0.17017640761951594 0.0861082210262361 0.0 21
0.4148630924892883 0.5866815966064616 0.5 -0.010328320269983426 -0.08765152824098409 0.0 31
0.5560336264208542 0.5865767447959995 0.5 -0.04805452851333068 -0.10700067172067163 0.0 24
0.462125077059651 0.5965626745559388 0.5 -0.001064636867933219 0.00423117353758292 0.0 22
0.5344678185605125 0.4081186559554033 0.5 -0.10139945180647955 0.16190810797498312 0.0 11
0.5902767147709292 0.4342503145845683 0.5 -0.17738393089665194 0.09237230498626328 0.0 26
0.7180589833727324 0.4582085253500049 0.5 -0.19735925538266563 0.032224531100283726 0.0 14
0.6469140749024568 0.43308776033947777 0.5 -0.1825065282417997 0.08178016978683167 0.0 3
0.35963622218784375 0.6433970890594577 0.5 0.1321236945891942 -0.15145653739343 0.0 2
0.3969717884151485 0.6849532917541888 0.5 0.1296206777494902 -0.14381173472903142 0.0 15
0.3171356873141612 0.6836525828427867 0.5 0.16726263002526603 -0.09671724817940024 0.0 39
0.30431318711011546 0.6312768512072097 0.5 0.18992602543898102 -0.06274367758204388 0.0 34
0.30922796133511077 0.7661828277818181 0.5 0.12037733877586199 -0.1594426609875294 0.0 18
0.5064269752407957 0.6277652567458983 0.5 -0.08076353917547818 -0.21362310597847878 0.0 27
0.46195123246275943 0.6728009058409412 0.5 0.02020002484942729 -0.19892209207209383 0.0 12
0.52826966154391 0.6885987926222401 0.5 -0.0522992980512241 -0.19293246081990517 0.0 36
0.5584329268424996 0.6476177457934983 0.5 -0.05533612225254225 -0.1542108871617215 0.0 32
0.6455258863156016 0.6328859348247138 0.5 -0.17298774747243523 -0.10033945059630325 0.0 19
0.7180079099291742 0.7566057052627609 0.5 -0.13229361648244786 -0.1498771635079177 0.0 29
0.6144605949393427 0.7706357078829273 0.5 -0.08876245463207816 -0.17918324750379006 0.0 25
0.813858179280024 0.7717052674749176 0.5 -0.14867463728406516 -0.13344870349037247 0.0 37
0.2362156140665594 0.8436414451781266 0.5 0.15202110129858976 -0.12975363607717014 0.0 35
